0,444444444444444 0,444444444444444 1 0 0 0,5 0,5 1 1 0,285714285714286 0,0255754475703325 0,0157894736842105 0,828220858895706 0,106382978723404 0,842696629213483 0,888888888888889 0,393939393939394 0,5625 1 1 1 0,5 1 1 1
0,533333333333333 0,444444444444444 0,995121951219512 0,2 0 0 0,5 1 1 0,246938775510204 0,0920716112531969 0,0157894736842105 0 0 0,865168539325843 0,814814814814815 0,295454545454545 0,65 0,5 0,5 1 0,5 1 1 0
0,0777777777777778 0,277777777777778 0,995121951219512 0,8 0 0 0,5 1 1 0 0,0460358056265985 0,0105263157894737 0 0 0,634831460674157 0,703703703703704 0,227272727272727 0 1 1 1 0,5 1 1 0
0,688888888888889 0,444444444444444 0,985365853658537 0,4 0,6 0,5 0,5 1 1 0,863265306122449 0,135549872122762 0,0236842105263158 0 0 0,539325842696629 0,574074074074074 0,284090909090909 0 1 0,5 1 1 1 0,5 0
0,255555555555556 0,444444444444444 1 0 0 0,5 0,5 1 1 0,142857142857143 0,0920716112531969 0,0131578947368421 0,920245398773006 0,0978723404255319 0,955056179775281 0,962962962962963 0,371212121212121 0,625 1 1 1 0,5 1 1 1
0,533333333333333 0,388888888888889 0,980487804878049 0,8 0 0,5 1 0,5 1 0,238775510204082 0,143222506393862 0,05 0,680981595092024 0,0531914893617021 0,629213483146067 0,592592592592593 0,253787878787879 0,4875 0,5 1 1 1 0,5 0,5 0
0,5 0,444444444444444 1 0 0 0,5 0,5 1 1 0,16734693877551 0,125319693094629 0,00789473684210526 0,901840490797546 0,0936170212765958 0,893258426966292 0,851851851851852 0,34469696969697 0,5875 1 1 1 0,5 1 1 1
0,566666666666667 0,444444444444444 0,985365853658537 0,4 0 0,5 0,5 1 1 0,216326530612245 0,0664961636828645 0,0184210526315789 0 0 0,651685393258427 0,648148148148148 0,276515151515151 0,575 1 1 1 0,5 1 1 0
0,666666666666667 0,5 0,990243902439024 0,6 0 0 0 1 1 0,151020408163265 0,0639386189258312 0,0144736842105263 0,871165644171779 0,0680851063829787 0,685393258426966 0,722222222222222 0,295454545454545 0,55 0,5 0,5 1 0,5 0,5 1 0
0,633333333333333 0,444444444444444 1 0 0 0,5 0,5 1 1 0,242857142857143 0,0434782608695652 0,0157894736842105 0,828220858895706 0,1 0,865168539325843 0,777777777777778 0,234848484848485 0,775 1 1 1 0,5 1 1 1
0,755555555555556 0,388888888888889 0,985365853658537 0 0 0 0,5 1 1 0,204081632653061 0,138107416879795 0,315789473684211 0,638036809815951 0,0851063829787234 0,696629213483146 0,666666666666667 0 0 1 1 1 0,5 1 1 0
0,566666666666667 0,333333333333333 1 0 0 0,5 0,5 1 1 0,202040816326531 0,0971867007672634 0,0105263157894737 0,828220858895706 0,0787234042553192 0,730337078651685 0,907407407407407 0,314393939393939 0,65 1 1 1 0,5 1 1 1
0,266666666666667 0 0,990243902439024 0,4 0,8 0,5 1 1 1 0,836734693877551 0,0792838874680307 0,0144736842105263 0 0 0,696629213483146 0,814814814814815 0,261363636363636 0,625 1 0,5 1 0,5 0,5 1 0
0,577777777777778 0,555555555555556 0,990243902439024 0,6 0 0,5 1 0,5 1 0,281632653061224 0,153452685421995 0,025 0 0 0,606741573033708 0,611111111111111 0,363636363636364 0,5 0,5 0,5 1 0,5 1 0,5 0
0,377777777777778 0,444444444444444 1 0 0 0,5 0,5 1 1 0,246938775510204 0,0690537084398977 0,0157894736842105 0,883435582822086 0,0829787234042553 0,764044943820225 0,962962962962963 0,348484848484849 0,7875 1 1 1 0,5 1 1 1
0,588888888888889 0,5 0,995121951219512 0,4 0 1 1 0,5 1 0,142857142857143 0,273657289002558 0,0947368421052632 0,699386503067485 0,0787234042553192 0,533707865168539 0,537037037037037 0,458333333333333 0,4625 0,5 0,5 1 1 1 0,5 0
0,666666666666667 0,444444444444444 1 0 0 0,5 0,5 1 1 0,26734693877551 0,0255754475703325 0,00657894736842105 0,895705521472393 0,106382978723404 0,814606741573034 0,759259259259259 0,40530303030303 0,6375 1 1 1 0,5 1 1 1
0,555555555555556 0,333333333333333 0,985365853658537 0,4 0,8 0 1 0,5 1 1 0,140664961636829 0,0526315789473684 0 0 0,528089887640449 0,518518518518518 0 0 0,5 0,5 1 0,5 1 0,5 0
0,7 0,388888888888889 0,985365853658537 0,6 0 1 1 0,5 1 0,775510204081633 0,153452685421995 0,0355263157894737 0,803680981595092 0,0893617021276596 0,606741573033708 0,592592592592593 0,170454545454545 0,475 0,5 0,5 1 1 0,5 1 0
0,755555555555556 0,388888888888889 0,990243902439024 0,6 0,2 0 0,5 0,5 1 0,424489795918367 0,184143222506394 0,0276315789473684 0,846625766871166 0,123404255319149 0,544943820224719 0,518518518518518 0,462121212121212 0,425 0,5 0,5 0,5 1 0,5 1 0
0,422222222222222 0,333333333333333 0,995121951219512 0 0 0,5 0,5 1 1 0,185714285714286 0,0920716112531969 0,00921052631578947 0,828220858895706 0,0787234042553192 0,786516853932584 0,851851851851852 0,34469696969697 0,725 1 1 1 0,5 1 1 1
0,755555555555556 0,388888888888889 0 0 0 0 0 1 1 0,2 0,219948849104859 0,0605263157894737 0,828220858895706 0,0723404255319149 0,550561797752809 0 0 0 0,5 0,5 0,5 1 0,5 1 0
0,466666666666667 0,444444444444444 0,995121951219512 0 0 0,5 0,5 1 1 0,2 0,051150895140665 0,00657894736842105 0,858895705521472 0,074468085106383 0,780898876404494 0,814814814814815 0,318181818181818 0,6875 1 1 1 0,5 1 1 1
0,755555555555556 0,444444444444444 0,985365853658537 0,6 0,4 0,5 1 0,5 0,5 0,320408163265306 0,230179028132992 0,0539473684210526 0,797546012269939 0,136170212765957 0,314606741573034 0,296296296296296 0,416666666666667 0,325 0,5 0,5 0,5 1 0,5 1 0
0,444444444444444 0,444444444444444 0,990243902439024 0,6 0 0 0,5 1 1 0,155102040816327 0,414322250639386 0,126315789473684 0,865030674846626 0,104255319148936 0,426966292134831 0,444444444444444 0,143939393939394 0,35 0,5 1 1 0,5 1 0,5 0
0,388888888888889 0,444444444444444 0,995121951219512 0 0 0,5 0,5 1 1 0,212244897959184 0,0792838874680307 0,0157894736842105 0,828220858895706 0,106382978723404 0,904494382022472 0,833333333333333 0,162878787878788 0,65 1 1 1 0,5 1 1 1
0,522222222222222 0,388888888888889 0,990243902439024 0,4 0 0 0,5 1 1 0,202040816326531 0,117647058823529 0,0289473684210526 0,846625766871166 0,0872340425531915 0,707865168539326 0 0 0 1 1 1 0,5 1 1 0
0,333333333333333 0,444444444444444 0,995121951219512 0 0 0,5 0,5 1 1 0,26734693877551 0,0971867007672634 0,0131578947368421 0,901840490797546 0,0808510638297872 0,792134831460674 0,833333333333333 0,356060606060606 0,6625 1 1 1 0,5 1 1 1
0,522222222222222 0,444444444444444 0 0 0 0 0 1 1 0,23265306122449 0,222506393861893 0,068421052631579 0,852760736196319 0,0787234042553192 0,679775280898876 0 0 0 0,5 1 1 1 1 1 0
0,666666666666667 0,555555555555556 1 0 0,6 0 0,5 1 1 0,536734693877551 0,0690537084398977 0,0171052631578947 0,828220858895706 0,0914893617021277 0,713483146067416 0,685185185185185 0,431818181818182 0,5375 0,5 0,5 0,5 0,5 1 1 0
0,544444444444444 0,444444444444444 0,995121951219512 0 0 0,5 0,5 1 1 0,248979591836735 0,0818414322250639 0,0157894736842105 0,852760736196319 0,0829787234042553 0,955056179775281 0,759259259259259 0,212121212121212 0,6125 1 1 1 0,5 1 1 1
0,688888888888889 0,333333333333333 0,990243902439024 0,2 0 0 1 0,5 1 0,204081632653061 0,0792838874680307 0,0210526315789474 0 0 0,578651685393258 0,555555555555556 0,200757575757576 0,4625 0,5 1 0,5 0,5 1 1 0
0,611111111111111 0,444444444444444 0,995121951219512 0 0 0,5 0,5 1 1 0,240816326530612 0,0460358056265985 0,0118421052631579 0,828220858895706 0,0765957446808511 0,870786516853933 0,796296296296296 0,272727272727273 0,675 1 1 1 0,5 1 1 1
0,677777777777778 0,444444444444444 0,990243902439024 0,4 0 1 1 1 1 0,353061224489796 0,378516624040921 0,0513157894736842 0,828220858895706 0,11063829787234 0,432584269662921 0,444444444444444 0,348484848484849 0,4 0,5 0,5 0,5 1 0,5 0,5 0
0,666666666666667 0,5 0 0 0 0 0 1 1 0 0,460358056265985 1 0,0276073619631902 0 0,612359550561798 0,592592592592593 0,234848484848485 0,45 0,5 0,5 0,5 0,5 1 1 0
0,533333333333333 0,444444444444444 1 0,8 0 0,5 1 1 1 0,193877551020408 0,416879795396419 0,101315789473684 0,834355828220859 0,0808510638297872 0,550561797752809 0,592592592592593 0,261363636363636 0,425 0,5 1 1 0,5 1 0,5 0
0,5 0,444444444444444 0,995121951219512 0 0 0,5 0,5 1 1 0,238775510204082 0,117647058823529 0,0157894736842105 0,840490797546012 0,106382978723404 0,910112359550562 0,833333333333333 0,325757575757576 0,65 1 1 1 0,5 1 1 1
0,233333333333333 0,388888888888889 0,985365853658537 0 0 0 0,5 1 1 0 0 0 0 0 0 0 0 0 1 1 1 1 1 0,5 0
0,466666666666667 0,444444444444444 0,995121951219512 0 0 0,5 0,5 1 1 0,269387755102041 0,061381074168798 0,00921052631578947 0,858895705521472 0,0872340425531915 0,808988764044944 0,925925925925926 0,189393939393939 0,5625 1 1 1 0,5 1 1 1
0,466666666666667 0,555555555555556 0,990243902439024 0,8 0 0,5 1 1 0,5 0 0,127877237851662 0,0184210526315789 0,791411042944785 0,0851063829787234 0,623595505617978 0,722222222222222 0,314393939393939 0,575 0,5 1 1 1 1 1 0
0,677777777777778 0,333333333333333 1 0 0 0 0,5 1 1 0,220408163265306 0,191815856777494 0,025 0,865030674846626 0,11063829787234 0,556179775280899 0,537037037037037 0,318181818181818 0,4625 0,5 0,5 1 0,5 1 0,5 0
0,555555555555556 0,444444444444444 0,995121951219512 0 0 0,5 0,5 1 1 0,197959183673469 0,10230179028133 0,00789473684210526 0,920245398773006 0,0957446808510638 0,797752808988764 0,888888888888889 0,397727272727273 0,625 1 1 1 0,5 1 1 1
0,833333333333333 0,444444444444444 0,990243902439024 0 0 0 0,5 1 1 0,318367346938776 0,115089514066496 0,0315789473684211 0,858895705521472 0,0723404255319149 0,651685393258427 0,648148148148148 0,390151515151515 0,5 0,5 0,5 1 1 1 1 0
0,611111111111111 0,444444444444444 0,995121951219512 0 0 0,5 0,5 1 1 0,271428571428571 0,0434782608695652 0,0157894736842105 0,828220858895706 0,102127659574468 0,741573033707865 0,759259259259259 0,257575757575758 0,6625 1 1 1 0,5 1 1 1
0,766666666666667 0,388888888888889 0,985365853658537 0,6 0,8 0,5 1 1 1 0,538775510204082 0,222506393861893 0,0355263157894737 0,797546012269939 0,0851063829787234 0,702247191011236 0,685185185185185 0,363636363636364 0,5125 0,5 0,5 0,5 0,5 0,5 1 0
0,833333333333333 0,388888888888889 0 0,2 0,6 0 0 1 1 0,251020408163265 0,0792838874680307 0,0184210526315789 0 0 0 0 0 0 1 0,5 1 0,5 1 1 0
0,533333333333333 0,444444444444444 1 0 0 0,5 0,5 1 1 0,248979591836735 0,0843989769820972 0,0118421052631579 0,895705521472393 0,0829787234042553 0,780898876404494 0,888888888888889 0,359848484848485 0,6 1 1 1 0,5 1 1 1
0,755555555555556 0,388888888888889 0,980487804878049 0,2 0 1 1 0,5 1 0 0,0716112531969309 0,0184210526315789 0 0 0,724719101123596 0,703703703703704 0 0 1 1 0,5 0,5 1 1 0
0 0,444444444444444 0 0 0 0 0 1 1 0,204081632653061 0,125319693094629 0,0131578947368421 0,858895705521472 0,106382978723404 0,915730337078652 0,981481481481482 0,321969696969697 0,6125 1 1 1 0,5 1 1 1
0 0,388888888888889 0 0 0 0 0 1 1 0,189795918367347 0,396419437340153 0,0960526315789474 0,809815950920245 0,104255319148936 0 0 0 0 0,5 0,5 1 0,5 1 1 0
0,811111111111111 0,5 0,990243902439024 0,6 0 0 1 0,5 1 0,218367346938776 0,0843989769820972 0,0197368421052632 0,865030674846626 0,0978723404255319 0,567415730337079 0,555555555555556 0,295454545454545 0,5 1 1 1 1 1 1 0
0,677777777777778 0,5 0,985365853658537 0,2 0,2 0 0,5 1 1 0,324489795918367 0,0997442455242967 0,0197368421052632 0,815950920245399 0,104255319148936 0,634831460674157 0,62962962962963 0,363636363636364 0,5 0,5 0,5 1 1 1 1 0
0,277777777777778 0,444444444444444 1 0 0 0,5 0,5 1 1 0,246938775510204 0,0485933503836317 0,0157894736842105 0,871165644171779 0,104255319148936 0,842696629213483 0,888888888888889 0,261363636363636 0,6625 1 1 1 0,5 1 1 1
0,666666666666667 0,555555555555556 0,995121951219512 0,4 0 1 1 1 1 0,285714285714286 0,140664961636829 0,0328947368421053 0 0 0,567415730337079 0,537037037037037 0 0 0,5 1 1 1 1 1 0
0,255555555555556 0,444444444444444 1 0 0 0,5 0,5 1 1 0,226530612244898 0,0869565217391304 0,0144736842105263 0,889570552147239 0,0851063829787234 0,803370786516854 0,759259259259259 0,272727272727273 0,625 1 1 1 0,5 1 1 1
0,777777777777778 0,388888888888889 0,985365853658537 0,2 0 0,5 0 0,5 0,5 0,348979591836735 0,391304347826087 0,068421052631579 0 0 0 0 0 0 1 0,5 1 1 1 1 0
0,722222222222222 0,5 0,995121951219512 0,4 0,2 1 0,5 1 1 0,551020408163265 0,0997442455242967 0,0263157894736842 0 0 0,674157303370787 0,666666666666667 0,371212121212121 0,6125 0,5 0,5 1 1 1 0,5 0
0,333333333333333 0,444444444444444 1 0 0 0,5 0,5 1 1 0,195918367346939 0,0639386189258312 0,00657894736842105 0,883435582822086 0,102127659574468 0,775280898876405 0,777777777777778 0,340909090909091 0,5625 1 1 1 0,5 1 1 1
0,844444444444444 0,388888888888889 0,990243902439024 0,2 0 0,5 0,5 1 1 0,187755102040816 0,0741687979539642 0,0236842105263158 0,815950920245399 0,0829787234042553 0,578651685393258 0,592592592592593 0 0 0,5 1 1 0,5 1 1 0
0,622222222222222 0,444444444444444 1 0 0 0,5 0,5 1 1 0,283673469387755 0,0383631713554987 0,0157894736842105 0,828220858895706 0,106382978723404 0,831460674157303 0,777777777777778 0,212121212121212 0,6875 1 1 1 0,5 1 1 1
0,8 0,444444444444444 0 0 0 0 0 1 1 0,279591836734694 0,166240409207161 0,0447368421052632 0,865030674846626 0,1 0,544943820224719 0,518518518518518 0,261363636363636 0,3125 0,5 0,5 1 1 1 0,5 0
0,766666666666667 0,444444444444444 0,995121951219512 0,6 0 1 0,5 1 1 0 0,263427109974425 0,0539473684210526 0,809815950920245 0,125531914893617 0,702247191011236 0 0 0 0,5 1 1 0,5 1 1 0
0,522222222222222 0,444444444444444 0,995121951219512 0 0 0,5 0,5 1 1 0,193877551020408 0,0895140664961637 0,0118421052631579 0,858895705521472 0,0872340425531915 0 0 0 0 1 1 1 0,5 1 1 1
0,911111111111111 0,444444444444444 0,985365853658537 0,4 0,4 0,5 0 1 1 0,285714285714286 0,179028132992327 0,0447368421052632 0,834355828220859 0,0893617021276596 0,730337078651685 0,740740740740741 0,371212121212121 0,525 0,5 0,5 1 0,5 1 1 0
0,211111111111111 0,444444444444444 0,995121951219512 0 0 0,5 0,5 1 1 0,218367346938776 0,0588235294117647 0,00921052631578947 0,865030674846626 0,0893617021276596 0,808988764044944 0,814814814814815 0 0 1 1 1 0,5 1 1 1
0,511111111111111 0,5 0,985365853658537 0,4 0 0,5 1 1 1 0,202040816326531 0,20460358056266 0,0276315789473684 0 0 0,623595505617978 0,592592592592593 0,34469696969697 0,5125 0,5 1 1 0,5 1 1 0
0,5 0,388888888888889 0,985365853658537 0 0 0 0,5 1 1 0 0,051150895140665 0,00921052631578947 0 0 0 0 0 0 1 1 1 0,5 0,5 1 0
0,522222222222222 0,555555555555556 0,985365853658537 0 0 0 0,5 1 1 0,416326530612245 0,0741687979539642 0,0131578947368421 0,852760736196319 0,0893617021276596 0,544943820224719 0,611111111111111 0,348484848484849 0,5625 0,5 1 1 0,5 1 0,5 0
0,577777777777778 0,444444444444444 0,995121951219512 0 0 0,5 0,5 1 1 0,255102040816327 0,0562659846547315 0,0157894736842105 0,852760736196319 0,0978723404255319 0,926966292134831 0,796296296296296 0,178030303030303 0,575 1 1 1 0,5 1 1 1
0,388888888888889 0,444444444444444 0,985365853658537 0,2 0 1 0 1 1 0,161224489795918 0,516624040920716 0,142105263157895 0,822085889570552 0,0723404255319149 0,443820224719101 0,444444444444444 0,299242424242424 0,3875 1 0,5 1 0,5 1 1 0
0,222222222222222 0,333333333333333 1 0 0 0,5 0,5 1 1 0 0 0 0,840490797546012 0,1 0,786516853932584 0,759259259259259 0,170454545454545 0,6875 1 1 1 0,5 1 1 1
0,6 0,444444444444444 0,985365853658537 0,6 0 1 1 1 1 0,422448979591837 0,19693094629156 0,0828947368421053 0,822085889570552 0,102127659574468 0,544943820224719 0,518518518518518 0 0 0,5 0,5 1 1 0,5 1 0
0,6 0,444444444444444 0,995121951219512 0,6 0 0 1 1 1 0,424489795918367 0,227621483375959 0,0776315789473684 0,797546012269939 0,104255319148936 0,52247191011236 0 0 0 0,5 0,5 1 1 0,5 1 0
0,511111111111111 0,333333333333333 1 0 0 0,5 0,5 1 1 0,251020408163265 0,117647058823529 0,0131578947368421 0,828220858895706 0,106382978723404 0,882022471910112 0,925925925925926 0,238636363636364 0,6 1 1 1 0,5 1 1 1
0,533333333333333 0,388888888888889 0,990243902439024 0 0 0 0,5 1 1 0,253061224489796 0,061381074168798 0,0157894736842105 0,871165644171779 0,0893617021276596 0,696629213483146 0,685185185185185 0,242424242424242 0,5875 1 0,5 1 0,5 1 1 0
0,533333333333333 0,333333333333333 0,995121951219512 0 0 0,5 0,5 1 1 0,228571428571429 0,112531969309463 0,0157894736842105 0,871165644171779 0,104255319148936 0,814606741573034 0,814814814814815 0,356060606060606 0,8 1 1 1 0,5 1 1 1
0,122222222222222 0,444444444444444 0,985365853658537 0,6 0 0 0,5 1 1 0 0,0434782608695652 0,0105263157894737 0 0 0,842696629213483 0,833333333333333 0,325757575757576 0 1 1 1 0,5 1 1 0
0,811111111111111 0,388888888888889 0,980487804878049 0 0 0,5 0,5 1 1 0,142857142857143 0,0818414322250639 0,0118421052631579 0,766871165644172 0,0851063829787234 0,561797752808989 0,537037037037037 0,715909090909091 0,4375 0,5 0,5 1 0,5 0,5 1 0
0,266666666666667 0,388888888888889 1 0 0 0,5 0,5 1 1 0,285714285714286 0,0588235294117647 0,00789473684210526 0,858895705521472 0,1 0,915730337078652 0,888888888888889 0,21969696969697 0,7 1 1 1 0,5 1 1 1
0,666666666666667 0,388888888888889 0,985365853658537 0,4 0 0,5 1 0,5 1 0,293877551020408 0,184143222506394 0,0394736842105263 0 0 0,544943820224719 0,537037037037037 0,818181818181818 0,4375 0,5 0,5 1 1 1 0,5 0
0,522222222222222 0,444444444444444 0 0 0 0 0 1 1 0,189795918367347 0,0843989769820972 0,0118421052631579 0,883435582822086 0,0957446808510638 0,747191011235955 0,962962962962963 0,306818181818182 0,65 1 1 1 0,5 1 1 1
0,588888888888889 0,333333333333333 0 0 0 0 0 1 1 0,185714285714286 0,29156010230179 0,0427631578947368 0,871165644171779 0,0914893617021277 0,48314606741573 0,518518518518518 0,416666666666667 0,475 0,5 0,5 1 1 0,5 0,5 0
0,6 0,555555555555556 0,990243902439024 0,6 0 0 0,5 0,5 1 0,330612244897959 0,168797953964194 0,0210526315789474 0,834355828220859 0,0936170212765958 0,578651685393258 0,611111111111111 0 0 0,5 0,5 1 1 0,5 1 0
0,588888888888889 0,5 0,990243902439024 0 0 0 0,5 1 1 0 0,0971867007672634 0,0289473684210526 0 0 0,612359550561798 0,62962962962963 0,162878787878788 0,4625 1 1 1 1 1 0,5 0
0,611111111111111 0,444444444444444 1 0 0 0,5 0,5 1 1 0,26530612244898 0,127877237851662 0,0157894736842105 0,901840490797546 0,106382978723404 0,870786516853933 0,759259259259259 0,34469696969697 0,75 1 1 1 0,5 1 1 1
0,688888888888889 0,444444444444444 0,990243902439024 0 1 0 0 1 1 0,502040816326531 0,061381074168798 0,0131578947368421 0 0 0,764044943820225 0,740740740740741 0,321969696969697 0,5875 0,5 0,5 1 0,5 1 1 0
0,222222222222222 0,388888888888889 0,995121951219512 0 0 0,5 0,5 1 1 0,251020408163265 0,112531969309463 0,0131578947368421 0,828220858895706 0,0808510638297872 0,820224719101123 0,814814814814815 0,208333333333333 0,6 1 1 1 0,5 1 1 1
0,7 0,444444444444444 0,985365853658537 0,4 0,4 0,5 0 1 1 0 0 0,0447368421052632 0,834355828220859 0,0893617021276596 0,730337078651685 0,740740740740741 0,371212121212121 0,525 0,5 1 0,5 0,5 1 1 0
0,388888888888889 0,444444444444444 0,980487804878049 0,6 0 1 0,5 1 1 0 0 0 0 0 0,533707865168539 0,518518518518518 0 0 1 1 1 0,5 0,5 1 0
0,666666666666667 0,388888888888889 0,995121951219512 0 0 0,5 0,5 1 1 0 0 0 0 0 0,921348314606741 0,796296296296296 0,409090909090909 0,7125 1 1 1 0,5 1 1 1
0,844444444444444 0,388888888888889 0,990243902439024 0,6 0,8 0,5 1 0,5 1 0 0,419437340153453 0,127631578947368 0,803680981595092 0,0936170212765958 0,573033707865169 0,555555555555556 0,428030303030303 0,425 0,5 0,5 0,5 1 0,5 1 0
0,366666666666667 0,444444444444444 1 0 0 0,5 0,5 1 1 0,204081632653061 0,0946291560102302 0,0157894736842105 0,871165644171779 0,0851063829787234 0,949438202247191 0,962962962962963 0,253787878787879 0,75 1 1 1 0,5 1 1 1
0,844444444444444 0,5 0 0 0 0 0,5 1 1 0,189795918367347 0,396419437340153 0,0960526315789474 0,809815950920245 0,104255319148936 0 0 0 0 0,5 0,5 0,5 1 1 1 0
0,811111111111111 0,444444444444444 0,995121951219512 0,4 0 1 1 1 1 0,516326530612245 0,363171355498721 0,0605263157894737 0,846625766871166 0,123404255319149 0,589887640449438 0,611111111111111 0,272727272727273 0,5375 0,5 0,5 0,5 0,5 1 1 0
0,733333333333333 0,388888888888889 0,995121951219512 0 0 0,5 0,5 1 1 0,191836734693878 0,0485933503836317 0,00921052631578947 0,828220858895706 0,0829787234042553 0,898876404494382 0,759259259259259 0,200757575757576 0,7375 1 1 1 0,5 1 1 1
0,655555555555556 0,555555555555556 0 0 0 0 0 1 1 0 0,245524296675192 0,0842105263157895 0 0 0,370786516853933 0 0 0 0,5 0,5 1 0,5 1 0,5 0
0,788888888888889 0,388888888888889 0,995121951219512 0 0 0,5 0,5 1 1 0,16530612244898 0,0460358056265985 0,0105263157894737 0,889570552147239 0,106382978723404 0,825842696629213 0,814814814814815 0,371212121212121 0,75 1 1 1 0,5 1 1 1
0,744444444444444 0,5 0,995121951219512 0,2 0 0 1 0,5 1 0,287755102040816 0,168797953964194 0,0421052631578947 0,846625766871166 0,140425531914894 0 0 0 0 0,5 1 1 0,5 1 1 0
0,744444444444444 0,444444444444444 0,985365853658537 0,2 0,6 0,5 1 1 1 0,371428571428571 1 0,421052631578947 1 0,829787234042553 0 0 0 0 1 1 1 0,5 0,5 1 0
0,166666666666667 0,333333333333333 0,995121951219512 0,6 0 0 0,5 1 1 0,175510204081633 0,0383631713554987 0,00789473684210526 0,846625766871166 0,0851063829787234 0,617977528089888 0,611111111111111 0,291666666666667 0,475 0,5 0,5 1 0,5 1 1 0
0,433333333333333 0,388888888888889 1 0 0 0,5 0,5 1 1 0,253061224489796 0,0562659846547315 0,00789473684210526 0,840490797546012 0,0808510638297872 0,752808988764045 0,796296296296296 0 0 1 1 1 0,5 1 1 1
0,511111111111111 0,388888888888889 0,990243902439024 0,2 0 1 0,5 1 1 0,306122448979592 0,283887468030691 0,0802631578947368 0,803680981595092 0,0787234042553192 0,421348314606742 0,5 0 0 1 1 1 0,5 1 0,5 0
0,622222222222222 0,388888888888889 1 0 0 0,5 0,5 1 1 0,142857142857143 0,117647058823529 0,0157894736842105 0,828220858895706 0,104255319148936 0,893258426966292 0,925925925925926 0,416666666666667 0,6375 0 0 0 0,5 1 1 1
0,611111111111111 0,444444444444444 0,985365853658537 0 0 0 0,5 1 1 0,297959183673469 0 0 0 0 0,550561797752809 0 0 0 1 1 1 0,5 1 1 0
0,488888888888889 0,5 0,985365853658537 0,2 0 0 0,5 1 1 0 0,051150895140665 0,0144736842105263 0 0 0,842696629213483 0,888888888888889 0 0 1 1 1 0,5 1 1 0
0,466666666666667 0,388888888888889 0,995121951219512 0 0 0,5 0,5 1 1 0,189795918367347 0,0818414322250639 0,0118421052631579 0,877300613496933 0,1 0,932584269662921 0,796296296296296 0,268939393939394 0,6625 1 1 1 0,5 1 1 1
0,744444444444444 0,388888888888889 0,995121951219512 0,4 0 1 0,5 1 1 0,306122448979592 0,140664961636829 0,0210526315789474 0,803680981595092 0,102127659574468 0 0 0 0 0,5 0,5 1 0,5 0,5 1 0
0,6 0,388888888888889 0,995121951219512 0 0 0 0 0 0 0,155102040816327 0,0716112531969309 0,00789473684210526 0,895705521472393 0,074468085106383 0,831460674157303 0,962962962962963 0,318181818181818 0,7375 1 1 1 0,5 1 1 1
0,5 0,444444444444444 0,995121951219512 0,6 0 0,5 1 1 1 0,86734693877551 0 0 0 0 0 0 0 0 1 1 1 1 1 1 0
0,722222222222222 0,388888888888889 0,985365853658537 0,4 0 0 0,5 0,5 1 0,228571428571429 0,186700767263427 0,0434210526315789 0 0 0,612359550561798 0,685185185185185 0 0 1 1 1 0,5 1 1 0
0,522222222222222 0,444444444444444 1 0 0 0,5 0,5 1 1 0,253061224489796 0,112531969309463 0,0131578947368421 0,858895705521472 0,104255319148936 0,837078651685393 0,759259259259259 0,265151515151515 0,7125 1 1 1 0,5 1 1 1
0,288888888888889 0,388888888888889 0,990243902439024 0 0,8 0 0,5 1 1 0,510204081632653 0,051150895140665 0,0144736842105263 0 0 0,876404494382022 0,962962962962963 0,261363636363636 0,75 1 0,5 1 0,5 1 1 0
0,333333333333333 0,444444444444444 0,995121951219512 0 0 0,5 0,5 1 1 0,181632653061225 0,107416879795396 0,00657894736842105 0,852760736196319 0,106382978723404 0,938202247191011 0,962962962962963 0,386363636363636 0,625 1 1 1 0,5 1 1 1
0,677777777777778 0,444444444444444 0,990243902439024 0 0,8 0 0,5 1 1 0,73469387755102 0,0485933503836317 0,00921052631578947 0,840490797546012 0,0936170212765958 0,853932584269663 0,814814814814815 0,314393939393939 0,65 0,5 0,5 1 0,5 1 1 0
0,511111111111111 0,333333333333333 0,985365853658537 0,2 0 0,5 0,5 1 1 0,33265306122449 0,235294117647059 0,0434210526315789 0,865030674846626 0,0851063829787234 0,550561797752809 0,518518518518518 0,553030303030303 0,4 0,5 0,5 1 0,5 1 1 0
0,711111111111111 0,5 0,985365853658537 0,6 0,6 0 1 0,5 1 0 0,0895140664961637 0,0171052631578947 0 0 0,578651685393258 0 0 0 0,5 0,5 1 0,5 0,5 1 0
0,555555555555556 0 0,995121951219512 0 0 0,5 0,5 1 1 0,187755102040816 0,0485933503836317 0,0157894736842105 0,920245398773006 0,102127659574468 0,837078651685393 0,888888888888889 0,178030303030303 0,675 1 1 1 0,5 1 1 1
0 0,555555555555556 0,990243902439024 0,4 0 1 1 1 1 0,263265306122449 0,273657289002558 0,0881578947368421 0,809815950920245 0,0936170212765958 0,269662921348315 0,259259259259259 0,238636363636364 0 0,5 1 1 0,5 0,5 0,5 0
0,833333333333333 0,333333333333333 0,995121951219512 0 0 0,5 0,5 1 1 0,224489795918367 0,127877237851662 0,00921052631578947 0,828220858895706 0,106382978723404 0,803370786516854 0,740740740740741 0,314393939393939 0,725 1 1 1 0 0 0 1
0,622222222222222 0,5 0,990243902439024 0,4 0 1 1 1 1 0,263265306122449 0,273657289002558 0,0881578947368421 0,803680981595092 0,102127659574468 0,51123595505618 0,537037037037037 0,242424242424242 0,425 0,5 1 1 0,5 1 1 0
0,0555555555555556 0 0,990243902439024 0,2 0 0 0,5 1 1 0 0,040920716112532 0,00921052631578947 0,846625766871166 0,0680851063829787 0,455056179775281 0 0 0 1 1 1 0,5 1 0,5 0
0,488888888888889 0,388888888888889 0 0 0 0 0 1 1 0,216326530612245 0,0639386189258312 0,0118421052631579 0,920245398773006 0,0765957446808511 0,842696629213483 0,925925925925926 0,363636363636364 0,8125 1 1 1 0,5 1 1 1
0,533333333333333 0,444444444444444 0,980487804878049 0,8 0 1 1 1 0,5 0,271428571428571 0,355498721227621 0,111842105263158 0,809815950920245 0,117021276595745 0,578651685393258 0,666666666666667 0 0,5 1 0,5 1 0,5 0,5 1 0
0,455555555555556 0,388888888888889 0,995121951219512 0 0 0,5 0,5 1 1 0,255102040816327 0,0971867007672634 0,00789473684210526 0,858895705521472 0,106382978723404 0,943820224719101 0,759259259259259 0,238636363636364 0,7375 1 1 1 0,5 1 1 1
0,744444444444444 0,388888888888889 0,985365853658537 0,2 0 0 0,5 1 1 0,208163265306122 0,122762148337596 0,0421052631578947 0,840490797546012 0,106382978723404 0,668539325842697 0,62962962962963 0,268939393939394 0,4625 0,5 0,5 1 0,5 0,5 1 0
0,777777777777778 0,444444444444444 0 0 0 0 0 1 1 0,322448979591837 0,217391304347826 0,0421052631578947 0,865030674846626 0,074468085106383 0,567415730337079 0,555555555555556 0 0 0,5 1 1 0,5 0,5 1 0
0,588888888888889 0,333333333333333 1 0 0 0,5 0,5 1 1 0,236734693877551 0,0664961636828645 0,0131578947368421 0,895705521472393 0,104255319148936 0,887640449438202 0,833333333333333 0,291666666666667 0,65 0 0 0 0,5 1 1 1
0,622222222222222 0,444444444444444 0,985365853658537 0,2 0 0 0,5 1 1 0,336734693877551 0,140664961636829 0,0236842105263158 0 0 0,758426966292135 0,740740740740741 0,446969696969697 0,625 0,5 0,5 1 1 0,5 1 0
0,377777777777778 0,333333333333333 0,995121951219512 0 0 0,5 0,5 1 1 0,185714285714286 0,125319693094629 0,0157894736842105 0,828220858895706 0,0957446808510638 0,758426966292135 0,888888888888889 0,325757575757576 0,6125 1 1 1 0,5 1 1 1
0,822222222222222 0,444444444444444 0,985365853658537 0 0 0 0,5 1 1 0,269387755102041 0,250639386189258 0,0368421052631579 0,815950920245399 0,106382978723404 0,606741573033708 0,574074074074074 0,356060606060606 0,475 0,5 0,5 1 0,5 1 1 0
0,5 0,5 0 0 0 0 0 1 1 0,73469387755102 0,115089514066496 0,0315789473684211 0,785276073619632 0,0936170212765958 0,466292134831461 0,537037037037037 0,208333333333333 0,4625 0,5 0,5 1 0,5 1 1 0
0,422222222222222 0,388888888888889 0 0 0 0 0 1 1 0,212244897959184 0,19693094629156 0,025 0,858895705521472 0,0829787234042553 0 0 0 0 0,5 1 1 1 0,5 1 0
0,811111111111111 0,333333333333333 0,995121951219512 0 0 0,5 0,5 1 1 0,259183673469388 0,122762148337596 0,00657894736842105 0,920245398773006 0,074468085106383 0,848314606741573 0,962962962962963 0,416666666666667 0,5875 1 1 1 0,5 1 1 1
0,533333333333333 0,388888888888889 0,990243902439024 0,2 0 0,5 0,5 1 1 0,259183673469388 0,0485933503836317 0,0131578947368421 0,822085889570552 0,0765957446808511 0 0 0 0 0,5 0,5 1 0,5 1 1 0
0,5 0,333333333333333 0,995121951219512 0 0 0,5 0,5 0 0 0,23265306122449 0,0664961636828645 0,00921052631578947 0,865030674846626 0,0893617021276596 0,842696629213483 0,796296296296296 0,348484848484849 0,725 1 1 1 0,5 1 1 1
0,655555555555556 0,388888888888889 0,985365853658537 0,6 0 0,5 1 1 1 0,155102040816327 0,475703324808184 0,197368421052632 0,828220858895706 0,161702127659574 0,398876404494382 0,407407407407407 0,143939393939394 0,2625 0,5 1 1 1 0,5 0,5 0
0,777777777777778 0,388888888888889 0,990243902439024 0,4 0 0 0 1 1 0 0,117647058823529 0,0197368421052632 0 0 0,556179775280899 0 0 0 1 0,5 1 1 0,5 1 0
0,488888888888889 0,333333333333333 1 0 0 0,5 0,5 1 1 0,195918367346939 0,0843989769820972 0,0118421052631579 0,901840490797546 0,0957446808510638 0,949438202247191 0,759259259259259 0,272727272727273 0,625 1 1 1 0,5 1 1 1
0,622222222222222 0,444444444444444 0 0 0 0 0 1 1 0,846938775510204 0,0946291560102302 0,025 0 0 0 0 0 0 1 0,5 1 0,5 1 1 0
0,322222222222222 0,388888888888889 0,995121951219512 0 0 0,5 0,5 1 1 0,259183673469388 0,112531969309463 0,0157894736842105 0,889570552147239 0,106382978723404 0,831460674157303 0,888888888888889 0 0 1 1 1 0,5 1 1 1
0,777777777777778 0,555555555555556 0,980487804878049 0,2 0 0,5 1 0,5 1 0,344897959183674 0,120204603580563 0,0381578947368421 0 0 0,623595505617978 0,592592592592593 0,21969696969697 0,625 0,5 0,5 1 1 1 1 0
0,644444444444444 0,611111111111111 0,985365853658537 0,8 0 0 0,5 1 1 0,512244897959184 0,132992327365729 0,0289473684210526 0 0 0 0 0,5 0,5875 0,5 0,5 1 0,5 1 1 0
0,611111111111111 0,388888888888889 0,995121951219512 0 0 0,5 0,5 1 1 0,218367346938776 0,0664961636828645 0,0144736842105263 0 0 0,955056179775281 0,925925925925926 0,253787878787879 0,7625 1 1 1 0,5 1 1 1
0,555555555555556 0,388888888888889 0,995121951219512 0 0 0 0,5 1 1 0,222448979591837 0,0818414322250639 0,0184210526315789 0,852760736196319 0,1 0 0 0 0 1 1 1 1 1 1 0
0,366666666666667 0,444444444444444 1 0 0 0,5 0,5 1 1 0,261224489795918 0,0971867007672634 0,00789473684210526 0,828220858895706 0,0829787234042553 0,735955056179775 0,833333333333333 0,234848484848485 0,5625 1 1 1 0,5 1 1 1
0,7 0,555555555555556 0,985365853658537 0,4 0,4 0,5 0,5 1 0,5 0,571428571428571 0,0895140664961637 0,0421052631578947 0,877300613496933 0,074468085106383 0,730337078651685 0,740740740740741 0,371212121212121 0,525 0,5 1 0,5 0,5 1 1 0
0,622222222222222 0,388888888888889 0,990243902439024 0,8 0,2 1 0,5 1 1 0,428571428571429 0,0664961636828645 0,0223684210526316 0,834355828220859 0,0808510638297872 0,904494382022472 0,962962962962963 0,473484848484849 0,7 1 1 1 0,5 1 1 0
0,788888888888889 0,388888888888889 0,985365853658537 0,6 0 0,5 1 0,5 0,5 0,446938775510204 0,209718670076726 0,0473684210526316 0,815950920245399 0,0936170212765958 0,584269662921348 0,611111111111111 0,212121212121212 0,45 0,5 0,5 0,5 0,5 1 1 0
0,455555555555556 0,444444444444444 0,995121951219512 0 0 0,5 0,5 1 1 0,248979591836735 0,0639386189258312 0,0105263157894737 0,846625766871166 0,106382978723404 0,960674157303371 0,759259259259259 0,34469696969697 0,65 1 1 1 0,5 1 1 1
0,811111111111111 0,555555555555556 0,985365853658537 0,6 0,4 1 1 0,5 1 0,602040816326531 0,230179028132992 0,0736842105263158 0,858895705521472 0,0617021276595745 0,51685393258427 0,555555555555556 0,265151515151515 0,4 0,5 0,5 0,5 1 1 1 0
0,577777777777778 0,444444444444444 0,995121951219512 0 0 0,5 0,5 1 1 0,261224489795918 0,0767263427109974 0,0157894736842105 0,858895705521472 0,0957446808510638 0,853932584269663 0,962962962962963 0,162878787878788 0,7125 1 1 1 0,5 1 1 1
0,722222222222222 0,388888888888889 0,985365853658537 0 0 0 0,5 1 1 0,189795918367347 0,168797953964194 0,0210526315789474 0,840490797546012 0,0957446808510638 0,651685393258427 0,666666666666667 0,450757575757576 0,4875 1 0,5 1 0,5 1 1 0
0,688888888888889 0,5 0,990243902439024 0,2 0 0 0,5 1 1 0,191836734693878 0,0639386189258312 0,0144736842105263 0,803680981595092 0,0787234042553192 0 0 0 0 0,5 1 1 0,5 0,5 0,5 0
0,522222222222222 0,333333333333333 0,995121951219512 0 0 0,5 0,5 1 1 0,279591836734694 0,0434782608695652 0,00657894736842105 0,920245398773006 0,074468085106383 0,764044943820225 0,814814814814815 0,299242424242424 0,5625 1 1 1 0,5 1 1 1
0,666666666666667 0,444444444444444 0,985365853658537 0,2 0,2 0 0,5 1 1 0,351020408163265 0,0818414322250639 0,0355263157894737 0 0 0,629213483146067 0,666666666666667 0 0 1 0,5 0,5 1 1 1 0
0,477777777777778 0,444444444444444 1 0 0 0,5 0,5 1 1 0,16530612244898 0,117647058823529 0,00789473684210526 0,828220858895706 0,104255319148936 0,780898876404494 0,888888888888889 0,261363636363636 0,6125 1 1 1 0,5 1 1 1
0,722222222222222 0,333333333333333 0,990243902439024 0,2 0 0 0,5 1 1 0,185714285714286 0,130434782608696 0,0289473684210526 0,809815950920245 0,0808510638297872 0,561797752808989 0,592592592592593 0,34469696969697 0,5 0,5 0,5 1 1 0,5 1 0
0,555555555555556 0,777777777777778 0 0 0 0 0 1 1 0,206122448979592 0,271099744245524 0,0855263157894737 0,828220858895706 0,0914893617021277 0,348314606741573 0,333333333333333 0,21969696969697 0,2875 0,5 0,5 1 1 1 0,5 0
0,566666666666667 0,333333333333333 0,995121951219512 0 0 0 0 1 1 0,263265306122449 0,0639386189258312 0,0157894736842105 0,852760736196319 0,106382978723404 0,966292134831461 0,740740740740741 0,306818181818182 0,7375 1 1 1 0,5 1 1 1
0,622222222222222 1 0 0 0,8 0 1 1 1 0,608163265306122 0,061381074168798 0,0157894736842105 0,852760736196319 0,0829787234042553 0,629213483146067 0,592592592592593 0,393939393939394 0,525 0,5 0,5 1 1 0,5 1 0
0,511111111111111 0,333333333333333 0,995121951219512 0 0 0,5 0,5 1 1 0,208163265306122 0,0690537084398977 0,00921052631578947 0,871165644171779 0,104255319148936 0,741573033707865 0,814814814814815 0,416666666666667 0,675 1 1 1 0,5 1 1 1
0,377777777777778 0,388888888888889 0,990243902439024 0,8 0 1 1 1 1 0,312244897959184 0,0562659846547315 0,0118421052631579 0,815950920245399 0,0808510638297872 0 0 0 0 1 1 1 0,5 0,5 1 0
0,788888888888889 0,5 0,990243902439024 0,4 0 0 1 0,5 0,5 0,179591836734694 0,20460358056266 0,0578947368421053 0,852760736196319 0,121276595744681 0,634831460674157 0,611111111111111 0,40530303030303 0,4875 1 1 1 0,5 1 1 0
0,188888888888889 0,333333333333333 0,985365853658537 0 0 0 0,5 1 1 0,187755102040816 0,0818414322250639 0,0276315789473684 0,865030674846626 0,0893617021276596 0,780898876404494 0,962962962962963 0,265151515151515 0 1 1 1 0,5 1 1 0
0,622222222222222 0,333333333333333 1 0 0 0,5 0,5 1 1 0,269387755102041 0,0460358056265985 0,0144736842105263 0,901840490797546 0,1 0,769662921348314 0,833333333333333 0,284090909090909 0,7 1 1 1 0,5 1 1 1
0,844444444444444 0,388888888888889 0,990243902439024 0,4 0 0,5 1 0,5 1 0,461224489795918 0,554987212276215 0,134210526315789 0 0 0,573033707865169 0,666666666666667 0,481060606060606 0,525 0,5 1 1 1 0,5 0,5 0
0,888888888888889 0,388888888888889 0,995121951219512 0 0 0,5 0,5 1 1 0 0 0 0,828220858895706 0,0872340425531915 0,859550561797753 0,888888888888889 0,238636363636364 0,7625 1 1 1 0,5 1 1 1
0,611111111111111 0,5 0 0 0 0 0 1 1 0,291836734693878 0,225063938618926 0,0263157894736842 0 0 0 0 0 0 0,5 0,5 1 1 0,5 1 0
0,722222222222222 0,444444444444444 0,990243902439024 0 0 0 0,5 1 1 0,23469387755102 0,0818414322250639 0,151315789473684 0,852760736196319 0,0851063829787234 0,792134831460674 0,777777777777778 0,257575757575758 0,65 1 1 1 0,5 1 1 0
0,611111111111111 0,444444444444444 0,995121951219512 0 0 0,5 0,5 1 1 0,212244897959184 0,0716112531969309 0,0118421052631579 0,871165644171779 0,102127659574468 0,971910112359551 0,962962962962963 0,310606060606061 0,6 1 1 1 0,5 1 1 1
0,555555555555556 0,5 0 0 0 0 0 1 1 0,181632653061225 0,301790281329923 0,0802631578947368 0,779141104294479 0,0936170212765958 0,337078651685393 0,314814814814815 0,246212121212121 0 0,5 0,5 1 0,5 0,5 0,5 0
0,433333333333333 0,388888888888889 1 0 0 0,5 0,5 1 1 0,26734693877551 0,117647058823529 0,00789473684210526 0,889570552147239 0,106382978723404 0,876404494382022 0,759259259259259 0,356060606060606 0,5875 1 1 1 0,5 1 1 1
0,611111111111111 0,555555555555556 0,990243902439024 0,2 0,8 0,5 0 1 1 0,606122448979592 0,135549872122762 0,0368421052631579 0,852760736196319 0,0957446808510638 0,629213483146067 0,62962962962963 0,515151515151515 0,55 0,5 0,5 1 0,5 1 1 0
0,5 0,444444444444444 0,990243902439024 0 0 0 1 1 1 0,218367346938776 0,0383631713554987 0,0131578947368421 0,865030674846626 0,0893617021276596 0,662921348314607 0,685185185185185 0,386363636363636 0,525 1 1 1 0,5 1 1 0
0,488888888888889 0,388888888888889 1 0 0 0,5 0,5 1 1 0 0 0 0 0 0,775280898876405 0,888888888888889 0,295454545454545 0,55 1 1 1 0,5 1 1 1
0,6 0,388888888888889 0 0 0 0 0 1 1 0,475510204081633 0,128132992327366 0,025 0 0 0,657303370786517 0 0 0 1 0,5 1 0,5 1 1 0
0,388888888888889 0 0,995121951219512 0 0 0,5 0,5 0 0 0,202040816326531 0,0767263427109974 0,00657894736842105 0,828220858895706 0,104255319148936 0,865168539325843 0,888888888888889 0,189393939393939 0,65 1 1 1 0,5 1 1 1
0,7 0,5 0,990243902439024 0 0 0 0,5 1 1 0,251020408163265 0,0485933503836317 0,0263157894736842 0,871165644171779 0,0808510638297872 0,657303370786517 0,62962962962963 0,431818181818182 0,5875 1 1 1 0,5 1 1 0
0,722222222222222 0,444444444444444 0,985365853658537 0,6 0,6 0 0,5 1 1 0,6 0,181585677749361 0,0578947368421053 0,785276073619632 0,114893617021277 0,561797752808989 0,592592592592593 0,340909090909091 0,4875 0,5 0,5 0,5 0,5 1 1 0
0 0,333333333333333 0,990243902439024 0,6 0 1 1 1 1 0 0,0869565217391304 0,0157894736842105 0 0 0,606741573033708 0,611111111111111 0 0 1 1 1 0,5 1 1 0
0,644444444444444 0,388888888888889 0,995121951219512 0 0 0,5 0,5 1 1 0,208163265306122 0,122762148337596 0,0157894736842105 0,852760736196319 0,0914893617021277 0,842696629213483 0,740740740740741 0,306818181818182 0,6125 1 1 1 0,5 1 1 1
0,677777777777778 0,5 0,990243902439024 0 0,4 0 0,5 1 1 0 0 0 0 0 0 0 0,371212121212121 0 1 0,5 1 1 1 0,5 0
0,677777777777778 0,388888888888889 1 0 0 0,5 0,5 1 1 0,244897959183673 0,0741687979539642 0,00921052631578947 0,840490797546012 0,074468085106383 0,97752808988764 0,962962962962963 0,265151515151515 0,6625 1 1 1 0,5 1 1 1
0,133333333333333 0,333333333333333 0,990243902439024 0,6 0 1 1 0,5 1 0 0,130434782608696 0,0236842105263158 0 0 0,679775280898876 0 0,390151515151515 0 1 1 1 0,5 1 1 0
0,522222222222222 0,444444444444444 0,985365853658537 0 0 0 1 1 1 0 0,0716112531969309 0,0118421052631579 0 0 0,696629213483146 0,814814814814815 0,212121212121212 0,5375 1 1 1 0,5 1 0,5 0
0,333333333333333 0,333333333333333 0,995121951219512 0 0 0,5 0,5 1 1 0,281632653061224 0,0383631713554987 0,0144736842105263 0,828220858895706 0,0936170212765958 0 0 0 0 1 1 1 0,5 1 1 1
0 0,388888888888889 0,990243902439024 0,8 0 1 0,5 1 1 0,212244897959184 0,040920716112532 0,00657894736842105 0 0 0 0 0 0 1 1 1 0,5 0,5 1 0
0,633333333333333 0,333333333333333 0,995121951219512 0 0 0,5 0,5 1 1 0,214285714285714 0,125319693094629 0,0157894736842105 0,920245398773006 0,1 0,882022471910112 0,814814814814815 0,393939393939394 0,775 1 1 1 0,5 1 1 1
0 0,388888888888889 0,995121951219512 0 0 0 0 1 1 0,446938775510204 0,0920716112531969 0,0171052631578947 0,852760736196319 0,0787234042553192 0,702247191011236 0,685185185185185 0,371212121212121 0,55 1 1 1 0,5 1 1 0
0,611111111111111 0,388888888888889 0,985365853658537 0,6 0 0 0,5 1 1 0,202040816326531 0,0639386189258312 0,0157894736842105 0 0 0,640449438202247 0 0 0 1 1 1 1 0,5 1 0
0,722222222222222 0,333333333333333 0,995121951219512 0 0 0,5 0,5 1 1 0,222448979591837 0,0997442455242967 0,0131578947368421 0,883435582822086 0,074468085106383 0,780898876404494 0,888888888888889 0,363636363636364 0,6 1 1 1 0,5 1 1 1
0,666666666666667 0,388888888888889 0,985365853658537 0 0 0 0,5 1 1 0,285714285714286 0,0690537084398977 0,0157894736842105 0 0 0 0 0 0 1 1 1 0,5 1 1 0
0,777777777777778 0,333333333333333 0 0 0 0 0 1 1 0,244897959183673 0,10230179028133 0,00657894736842105 0,858895705521472 0,0978723404255319 0,898876404494382 0,796296296296296 0,170454545454545 0,6125 1 1 1 0,5 1 1 1
0,8 0,5 1 0,2 0,6 0 0,5 1 1 0,659183673469388 0,10230179028133 0,0289473684210526 0,840490797546012 0,112765957446809 0,707865168539326 0 0 0 1 0,5 0,5 1 1 1 0
0,6 0,333333333333333 0 0,6 0 0 0 1 1 0,255102040816327 0,0537084398976982 0,0171052631578947 0,840490797546012 0,0723404255319149 0,842696629213483 0,851851851851852 0 0 0,5 0,5 1 0,5 0,5 1 0
0,377777777777778 0,388888888888889 0 0 0 0 0 1 1 0 0,560102301790281 0,160526315789474 0,797546012269939 0,0808510638297872 0,337078651685393 0 0 0 0,5 1 1 0,5 1 0,5 0
0,477777777777778 0,444444444444444 1 0 0 0,5 0,5 1 1 0,26530612244898 0,0767263427109974 0,0144736842105263 0,877300613496933 0,106382978723404 0,893258426966292 0,833333333333333 0,295454545454545 0,5625 1 1 1 0,5 1 1 1
0,477777777777778 0,444444444444444 0,990243902439024 0,4 0,6 0 1 0,5 0,5 0 0,0767263427109974 0,0144736842105263 0 0 0,786516853932584 0,777777777777778 0,564393939393939 0 1 1 1 0,5 1 1 0
0,444444444444444 0,444444444444444 0,995121951219512 0 0 0,5 0,5 1 1 0,242857142857143 0,0383631713554987 0,00921052631578947 0,920245398773006 0,104255319148936 0 0 0 0 1 1 1 0,5 1 1 1
0,722222222222222 0,555555555555556 0,990243902439024 0 0 0 0,5 1 1 0,183673469387755 0,250639386189258 0,0328947368421053 0 0 0,51123595505618 0,518518518518518 0,208333333333333 0,45 0,5 1 1 0,5 1 1 0
0,8 0,5 0 0 0 0 0 1 1 0,628571428571429 0,0920716112531969 0,0328947368421053 0,803680981595092 0,0914893617021277 0 0 0 0 0,5 0,5 1 1 1 1 0
0,644444444444444 0,444444444444444 0,995121951219512 0 0 0,5 0,5 1 1 0,204081632653061 0,127877237851662 0,0157894736842105 0,858895705521472 0,074468085106383 0,786516853932584 0,925925925925926 0,253787878787879 0,8125 1 1 1 0,5 1 1 1
0,777777777777778 0,5 0,990243902439024 0 0 0 0,5 1 1 0,293877551020408 0,319693094629156 0,0526315789473684 0,834355828220859 0,0978723404255319 0,674157303370787 0,685185185185185 0,310606060606061 0,5625 0,5 0,5 1 1 0,5 1 0
0,522222222222222 0,333333333333333 0,995121951219512 0 0 0,5 0,5 1 1 0,222448979591837 0,0639386189258312 0,0144736842105263 0,865030674846626 0,1 0,887640449438202 0,759259259259259 0,314393939393939 0,65 1 1 1 0,5 1 1 1
0,788888888888889 0,333333333333333 0,990243902439024 0,8 0 0,5 0,5 1 1 0,240816326530612 0,319693094629156 0,0697368421052632 0,834355828220859 0,104255319148936 0,640449438202247 0,648148148148148 0,575757575757576 0,5375 0,5 0,5 1 1 0,5 1 0
0,577777777777778 0,5 0,990243902439024 0,8 0,6 0,5 1 1 1 0,457142857142857 0,424552429667519 0,0736842105263158 0,815950920245399 1 0,455056179775281 0,425925925925926 0,189393939393939 0,3625 0,5 0,5 1 0,5 1 0,5 0
0,333333333333333 0,333333333333333 1 0 0 0,5 0,5 1 1 0,244897959183673 0,0792838874680307 0,0105263157894737 0,920245398773006 0,0978723404255319 0,752808988764045 0,814814814814815 0,40530303030303 0,725 1 1 1 0,5 1 1 1
0,833333333333333 0,388888888888889 1 0,2 0 0 0,5 1 1 0,322448979591837 0,125319693094629 0,0184210526315789 0,828220858895706 0,1 0,623595505617978 0 0 0 0,5 1 1 1 0,5 1 0
0,311111111111111 0,388888888888889 0,995121951219512 0 0 0,5 0,5 0 0 0,26734693877551 0,0741687979539642 0,00789473684210526 0,889570552147239 0,104255319148936 0 0,833333333333333 0,325757575757576 0,8125 1 1 1 0,5 1 1 1
0,555555555555556 0,5 0,985365853658537 0,4 0 0,5 1 0,5 0,5 0,261224489795918 0,531969309462916 0,121052631578947 0,822085889570552 0,102127659574468 0,460674157303371 0,407407407407407 0,617424242424242 0,3375 1 1 1 1 0,5 0,5 0
0,0555555555555556 0,277777777777778 0,985365853658537 0 0 0 0,5 1 1 0 0,0639386189258312 0,00789473684210526 0 0 0,662921348314607 0,666666666666667 0,46969696969697 0 1 1 1 0,5 1 1 0
0,555555555555556 0 0 0 0 0,5 0 1 1 0,446938775510204 0,450127877237852 0,181578947368421 0,834355828220859 0,0957446808510638 0,48314606741573 0,444444444444444 0,5 0,3375 0,5 1 1 0,5 0,5 0,5 0
0,366666666666667 0,333333333333333 1 0 0 0,5 0,5 1 1 0,163265306122449 0,0639386189258312 0,0118421052631579 0,895705521472393 0,074468085106383 0,792134831460674 0,888888888888889 0,295454545454545 0,6375 1 1 1 0,5 1 1 1
0,777777777777778 0,555555555555556 0,990243902439024 0,8 0 0,5 0,5 1 1 0,240816326530612 0,319693094629156 0,0697368421052632 0,834355828220859 0,104255319148936 0,674157303370787 0,685185185185185 0 1 0,5 1 1 0,5 1 1 0
0,477777777777778 0,444444444444444 0,995121951219512 0 0 0,5 0,5 1 1 0,23265306122449 0,0818414322250639 0,0144736842105263 0,828220858895706 0,0829787234042553 0 0,777777777777778 0 0 1 1 1 0,5 1 1 1
0,522222222222222 0,555555555555556 0,985365853658537 0 0 0,5 0 1 1 0,248979591836735 0 0,222368421052632 0,846625766871166 0,11063829787234 0,606741573033708 0,611111111111111 0,386363636363636 0,475 1 0,5 1 0,5 1 1 0
0,533333333333333 0,444444444444444 0,990243902439024 0 0,4 0 0,5 1 1 0,436734693877551 0,061381074168798 0,0171052631578947 0,858895705521472 0,0851063829787234 0,741573033707865 0,722222222222222 0 0 1 0,5 1 1 1 1 0
0,655555555555556 0,388888888888889 1 0 0 0,5 0,5 1 1 0,26530612244898 0,0997442455242967 0,00921052631578947 0,901840490797546 0,1 0,758426966292135 0,851851851851852 0,253787878787879 0,5625 1 1 1 0,5 1 1 1
0,511111111111111 0,5 0,995121951219512 0 0 0 0,5 1 1 0,43469387755102 0,173913043478261 0,0368421052631579 0,895705521472393 0,134042553191489 0,52247191011236 0 0 0 0,5 0,5 1 0,5 1 1 0
0,377777777777778 0,388888888888889 1 0 0 0,5 0,5 1 1 0 0,0843989769820972 0,0131578947368421 0,920245398773006 0,106382978723404 0,859550561797753 0,814814814814815 0,397727272727273 0,7625 1 1 1 0,5 1 1 1
0,5 0,333333333333333 0,985365853658537 0,4 0 0,5 1 0,5 1 0,546938775510204 0,219948849104859 0,0526315789473684 0,822085889570552 0,108510638297872 0,561797752808989 0,537037037037037 0,348484848484849 0 0,5 0,5 1 0,5 1 1 0
0,811111111111111 0 0,985365853658537 0,2 0 0 0 1 1 0,193877551020408 0,130434782608696 0,0210526315789474 0,871165644171779 0,074468085106383 0 0 0 0 1 1 1 0,5 1 1 0
0,255555555555556 0,444444444444444 0,995121951219512 0 0 0,5 0,5 1 1 0,202040816326531 0,117647058823529 0,0157894736842105 0,871165644171779 0,0851063829787234 0,99438202247191 0,851851851851852 0,162878787878788 0,6875 1 1 1 0,5 1 1 1
0,455555555555556 0,388888888888889 0,990243902439024 0,4 0 0 1 1 0,5 0 0,173913043478261 0,0368421052631579 0,809815950920245 0,0872340425531915 0,623595505617978 0,611111111111111 0 0 0,5 1 1 0,5 0,5 0,5 0
0,266666666666667 0,444444444444444 1 0 0 0,5 0,5 1 1 0,255102040816327 0 0 0,834355828220859 0,074468085106383 0,865168539325843 0,796296296296296 0,212121212121212 0,5625 1 1 1 0,5 1 1 1
0,766666666666667 0,388888888888889 0,985365853658537 0 0,8 0 0,5 1 1 0,522448979591837 0,10230179028133 0,0157894736842105 0,871165644171779 0,119148936170213 0 0 0 0 1 1 1 0,5 1 1 0
0,744444444444444 0,388888888888889 0,985365853658537 0,2 0 0,5 0,5 1 1 0 0,271099744245524 0,0789473684210526 0,840490797546012 0,104255319148936 0,342696629213483 0,351851851851852 0,246212121212121 0 0,5 1 1 0,5 1 0,5 0
0,8 0,5 0 0 0 0 0 1 1 0,171428571428571 0,370843989769821 0,0934210526315789 0,828220858895706 0,112765957446809 0 0 0 0 1 0,5 1 0,5 1 1 0
0,666666666666667 0,333333333333333 0,995121951219512 0 0 0,5 0,5 1 1 0,273469387755102 0,115089514066496 0,00657894736842105 0,852760736196319 0,102127659574468 0,797752808988764 0,888888888888889 0,40530303030303 0,7 1 1 1 0,5 1 1 1
0,455555555555556 0,444444444444444 0,990243902439024 0,2 0,8 1 0,5 1 1 0,428571428571429 0,421994884910486 0,236842105263158 0,828220858895706 0,1 0 0 0 0 1 0,5 1 0,5 1 1 0
0,277777777777778 0,333333333333333 0,995121951219512 0 0 0,5 0,5 1 1 0,242857142857143 0,0690537084398977 0,00657894736842105 0 0 0,853932584269663 0,740740740740741 0,348484848484849 0,65 1 1 1 0,5 1 1 1
0,666666666666667 0,5 0,985365853658537 0,4 0 1 0,5 1 1 0,214285714285714 0,135549872122762 0,0302631578947368 0,834355828220859 0,11063829787234 0,623595505617978 0,611111111111111 0,397727272727273 0,5125 1 1 1 0,5 1 1 0
0,633333333333333 0,5 0,990243902439024 1 0 1 1 1 0,5 0 0,823529411764706 0,171052631578947 0,773006134969325 0,102127659574468 0,449438202247191 0,444444444444444 0,159090909090909 0,4125 0,5 0,5 0,5 1 0,5 0,5 0
0,488888888888889 0,388888888888889 1 0 0 0,5 0,5 1 1 0,187755102040816 0,10230179028133 0,0118421052631579 0,865030674846626 0,104255319148936 0,786516853932584 0,962962962962963 0,284090909090909 0,775 1 1 1 0,5 1 1 1
0,588888888888889 0,555555555555556 0,985365853658537 0,2 0,6 1 0,5 1 1 0,43469387755102 0,0588235294117647 0,0131578947368421 0,852760736196319 0,0851063829787234 0 0 0 0 1 0,5 1 0,5 1 1 0
0,688888888888889 0,444444444444444 0,995121951219512 0 0 0,5 0,5 1 1 0,269387755102041 0,0869565217391304 0,0105263157894737 0,901840490797546 0,074468085106383 1 0,814814814814815 0,178030303030303 0,5625 1 1 1 0,5 1 1 1
0,666666666666667 0,333333333333333 0,985365853658537 0,6 0,2 0,5 1 0,5 1 0,587755102040816 0,0920716112531969 0,0223684210526316 0,797546012269939 0,0638297872340425 0,443820224719101 0,462962962962963 0,575757575757576 0,375 0,5 1 1 1 1 0,5 0
0,766666666666667 0,333333333333333 0 0 0 0 0 1 1 0,348979591836735 0,0664961636828645 0,632894736842105 0 0 0 0 0 0 0,5 1 1 1 1 1 0
0,277777777777778 0,388888888888889 0,995121951219512 0 0 0,5 0,5 1 1 0,179591836734694 0,107416879795396 0,00657894736842105 0,834355828220859 0,074468085106383 0,747191011235955 0,888888888888889 0,265151515151515 0,6125 1 1 1 0,5 1 1 1
0,722222222222222 0,388888888888889 0,995121951219512 0,2 0 1 1 1 1 0,283673469387755 0,0741687979539642 0,0131578947368421 0 0 0,589887640449438 0,592592592592593 0 0 0,5 1 1 0,5 0,5 1 0
0,355555555555556 0,388888888888889 1 0 0 0,5 0,5 1 1 0,204081632653061 0,0741687979539642 0,0144736842105263 0,871165644171779 0,0957446808510638 0,803370786516854 0,796296296296296 0,253787878787879 0,7375 1 1 1 0,5 1 1 1
0,0888888888888889 0,333333333333333 1 0,6 0 0,5 0,5 1 1 0,159183673469388 0,0690537084398977 0,0118421052631579 0 0 0,691011235955056 0,759259259259259 0,253787878787879 0 1 1 1 1 0,5 1 0
0,844444444444444 0,5 0 0 0 0 0 1 1 0,351020408163265 0,117647058823529 0,0223684210526316 0,865030674846626 0,117021276595745 0,539325842696629 0,555555555555556 0 0 0,5 0,5 1 0,5 1 0,5 0
0,433333333333333 0,388888888888889 0,985365853658537 0 0 0 0,5 1 1 0,246938775510204 0,051150895140665 0,0105263157894737 0,815950920245399 0,074468085106383 0,612359550561798 0,592592592592593 0 0 1 0,5 1 0,5 1 1 0
0,7 0,388888888888889 1 0 0 0,5 0,5 1 1 0,26530612244898 0,0946291560102302 0,0118421052631579 0,920245398773006 0,106382978723404 0,752808988764045 0,759259259259259 0,276515151515151 0,5875 1 1 1 0,5 1 1 1
0,611111111111111 0,5 0,985365853658537 0,4 0,2 1 1 1 1 0,557142857142857 0,601023017902813 0,186842105263158 0,809815950920245 0,0723404255319149 0,466292134831461 0,407407407407407 0,553030303030303 0,3625 0,5 0,5 1 1 0,5 0,5 0
0,488888888888889 0,333333333333333 0,995121951219512 0 0 0,5 0,5 1 1 0,193877551020408 0,117647058823529 0,00657894736842105 0,846625766871166 0,0893617021276596 0,842696629213483 0,925925925925926 0,291666666666667 0,7875 1 1 1 0,5 1 1 1
0,622222222222222 0,5 0,980487804878049 0,8 0,6 1 1 1 1 0,493877551020408 0,337595907928389 0,215789473684211 0,858895705521472 0,0893617021276596 0,471910112359551 0,481481481481481 0 0,375 0,5 0,5 1 1 0,5 0,5 0
0,555555555555556 0,388888888888889 0,995121951219512 0,6 0 1 0,5 0,5 0,5 0,251020408163265 0,10230179028133 0,0236842105263158 0 0 0,623595505617978 0,666666666666667 0,178030303030303 0 1 1 1 0,5 1 1 0
0,411111111111111 0,333333333333333 1 0 0 0,5 0,5 1 1 0,226530612244898 0,0895140664961637 0,0105263157894737 0,828220858895706 0,0872340425531915 0,910112359550562 0,925925925925926 0,208333333333333 0,7125 1 1 1 0,5 1 1 1
0,733333333333333 0,5 0,990243902439024 0,4 0 0 0,5 1 0,5 0,312244897959184 0,194373401534527 0,0434210526315789 0 0 0 0 0 0 1 1 1 1 1 1 0
0,711111111111111 0,333333333333333 0,995121951219512 0 0 0,5 0,5 1 1 0,216326530612245 0,0690537084398977 0,00921052631578947 0,920245398773006 0,0702127659574468 0,808988764044944 0,777777777777778 0,306818181818182 0,5875 1 1 1 0,5 1 1 1
0,688888888888889 0,388888888888889 1 0,6 0 0,5 1 1 1 0,248979591836735 0,107416879795396 0,0223684210526316 0,834355828220859 0,1 0,707865168539326 0,722222222222222 0,299242424242424 0,4875 0,5 0,5 1 0,5 1 1 0
0,788888888888889 0,333333333333333 0,995121951219512 0,6 0,4 0,5 0,5 0,5 1 0,86530612244898 0,122762148337596 0,0197368421052632 0,809815950920245 0,0851063829787234 0,612359550561798 0,574074074074074 0 0 0,5 0,5 0,5 0,5 1 1 0
0,244444444444444 0,333333333333333 1 0 0 0,5 0,5 1 1 0,197959183673469 0,0460358056265985 0,0157894736842105 0,846625766871166 0,0914893617021277 0,758426966292135 0,777777777777778 0,299242424242424 0,8 1 1 1 0,5 1 1 1
0,655555555555556 0,444444444444444 0,985365853658537 0,2 0 1 0,5 1 1 0,618367346938775 0,0895140664961637 0,0171052631578947 0,748466257668712 0,074468085106383 0,584269662921348 0,648148148148148 0,412878787878788 0,5375 1 0,5 1 1 1 1 0
0,366666666666667 0,333333333333333 0 0 0 0,5 0,5 1 1 0,26530612244898 0,104859335038363 0,0118421052631579 0,865030674846626 0,0936170212765958 0,870786516853933 0,962962962962963 0,162878787878788 0,725 1 1 1 0,5 1 1 1
0,9 0,333333333333333 0 0 0 0 0 1 1 0,302040816326531 0,0997442455242967 0,0276315789473684 0,901840490797546 0,0893617021276596 0,612359550561798 0,648148148148148 0,356060606060606 0,3 0,5 0,5 0,5 1 0,5 1 0
0,688888888888889 0 0,990243902439024 0,6 0 1 0 1 1 0 0 0 0 0 0,803370786516854 0,777777777777778 0,386363636363636 0,6 0,5 0,5 1 0,5 1 1 0
0,655555555555556 0,388888888888889 0 0 0 0 0 1 1 0,416326530612245 0,0869565217391304 0,0197368421052632 0,760736196319018 0,0872340425531915 0,550561797752809 0,685185185185185 0,227272727272727 0 1 0,5 1 0,5 1 1 0
0,477777777777778 0,333333333333333 1 0 0 0,5 0,5 1 1 0,220408163265306 0,0639386189258312 0,0131578947368421 0,883435582822086 0,106382978723404 1 0,796296296296296 0,272727272727273 0,6875 1 1 1 0,5 1 1 1
0,511111111111111 0,444444444444444 0,985365853658537 0 0 0 0,5 1 1 0,326530612244898 0,10230179028133 0,0263157894736842 0,858895705521472 0,0872340425531915 0,50561797752809 0,5 0,306818181818182 0,4 0,5 1 1 1 1 0,5 0
0,422222222222222 0,444444444444444 0,995121951219512 0 0 0,5 0,5 1 1 0,202040816326531 0,0485933503836317 0,00657894736842105 0,901840490797546 0,074468085106383 0,764044943820225 0,814814814814815 0,276515151515151 0,8 1 1 1 0,5 1 1 1
0,155555555555556 0 0,990243902439024 0 0 0 0 1 1 0,391836734693878 0,0383631713554987 0,0105263157894737 0,840490797546012 0,0893617021276596 0,803370786516854 0,740740740740741 0,359848484848485 0,675 1 0,5 1 1 0,5 1 0
0,666666666666667 0,444444444444444 0,995121951219512 0 0,4 0 0 1 1 0 0 0 0 0 0 0 0 0 1 0,5 1 0,5 1 1 0
0,388888888888889 0,388888888888889 1 0 0 0 0 1 1 0,16734693877551 0,0920716112531969 0,0144736842105263 0,920245398773006 0,074468085106383 0,814606741573034 0,962962962962963 0,356060606060606 0,7625 1 1 1 0,5 1 1 1
0,3 0,333333333333333 0 0 0 0 0 1 1 0,155102040816327 0,112531969309463 0,0513157894736842 0,779141104294479 0,0914893617021277 0 0 0 0 1 1 1 1 0,5 0,5 0
0,722222222222222 0,388888888888889 1 0 0 0 0 1 1 0,173469387755102 0,051150895140665 0,0131578947368421 0,871165644171779 0,102127659574468 0,904494382022472 0,796296296296296 0,363636363636364 0,5625 1 1 1 0,5 1 1 1
0,377777777777778 0,388888888888889 0,995121951219512 0 0 1 0,5 1 1 0,283673469387755 0,0485933503836317 0,0118421052631579 0 0 0,713483146067416 0,777777777777778 0,0833333333333333 0 1 1 1 1 1 1 0
0,722222222222222 0,388888888888889 0,990243902439024 0,8 0,8 0 0,5 0,5 1 0,626530612244898 0,0716112531969309 0,0197368421052632 0 0 0,617977528089888 0,722222222222222 0,253787878787879 0 0,5 0,5 1 0,5 1 1 0
0,322222222222222 0,444444444444444 0,995121951219512 0 0 0,5 0,5 1 1 0,169387755102041 0,125319693094629 0,0118421052631579 0,852760736196319 0,0702127659574468 0,98314606741573 0,740740740740741 0,375 0,5875 1 1 1 0,5 1 1 1
0 0,388888888888889 0,985365853658537 0 0,4 0 0,5 1 1 0,448979591836735 0,173913043478261 0,0368421052631579 0 0 0,48876404494382 0,5 0 0 0,5 0,5 1 0,5 1 0,5 0
0,411111111111111 0,333333333333333 0,995121951219512 0 0 0,5 0,5 1 1 0,222448979591837 0,120204603580563 0,0144736842105263 0,865030674846626 0,104255319148936 0,842696629213483 0,888888888888889 0,265151515151515 0,65 1 1 1 0,5 1 1 1
0,733333333333333 0,388888888888889 0,990243902439024 0,4 1 0 0,5 1 1 0,912244897959184 0,104859335038363 0,0223684210526316 0,803680981595092 0,0829787234042553 0,702247191011236 0,611111111111111 0,363636363636364 0,55 0,5 0,5 1 0,5 1 1 0
0,922222222222222 0,388888888888889 0,995121951219512 0,6 0 0,5 0,5 1 1 0,208163265306122 0,153452685421995 0,0342105263157895 0,705521472392638 0,121276595744681 0,48876404494382 0,481481481481481 0,484848484848485 0,3875 0,5 1 1 1 1 0,5 0
0,688888888888889 0,444444444444444 0,985365853658537 0,2 0,4 0 0 1 1 0,630612244897959 0,289002557544757 0,0381578947368421 0,797546012269939 0,0531914893617021 0,595505617977528 0,62962962962963 0,484848484848485 0,6125 1 1 1 0,5 1 1 0
0,433333333333333 0,333333333333333 0,995121951219512 0 0 0,5 0,5 1 1 0,175510204081633 0,0946291560102302 0,00789473684210526 0,920245398773006 0,106382978723404 0,764044943820225 0,944444444444444 0,21969696969697 0,5625 1 1 1 0,5 1 1 1
0,188888888888889 0,388888888888889 0,990243902439024 0,2 0 1 0,5 1 1 0,0448979591836735 0,00383631713554987 0,0960526315789474 0,889570552147239 0,0595744680851064 0,735955056179775 0,759259259259259 0,424242424242424 0 1 1 1 0,5 1 1 0
0,355555555555556 0,333333333333333 1 0 0 0,5 0,5 1 1 0,208163265306122 0,0434782608695652 0,00526315789473684 0,901840490797546 0,1 0,820224719101123 0,759259259259259 0,257575757575758 0,6375 1 1 1 0,5 1 1 1
0,6 0,388888888888889 0 0 0 0 0 1 1 0,226530612244898 0,373401534526854 0,0986842105263158 0,865030674846626 0,1 0,617977528089888 0,648148148148148 0,325757575757576 0,575 1 1 1 0,5 1 1 0
0,666666666666667 0,277777777777778 0,985365853658537 0 0 0 0,5 1 1 0,53265306122449 0,148337595907928 0,0289473684210526 0,693251533742331 0,0638297872340425 0 0 0,159090909090909 0,425 0,5 1 1 0,5 1 1 0
0,255555555555556 0,333333333333333 0,995121951219512 0 0 0,5 0,5 1 1 0,193877551020408 0,061381074168798 0,0105263157894737 0,889570552147239 0,106382978723404 0,842696629213483 0,962962962962963 0,238636363636364 0,575 1 1 1 0,5 1 1 1
0,233333333333333 0,5 0,985365853658537 0,8 0 0,5 1 0,5 0,5 0,218367346938776 0,10230179028133 0,0223684210526316 0,766871165644172 0,074468085106383 0,466292134831461 0,425925925925926 0,46969696969697 0,4875 1 1 1 0,5 1 0,5 0
0,377777777777778 0,388888888888889 1 0 0 0,5 0,5 1 1 0,177551020408163 0,0971867007672634 0,00657894736842105 0,883435582822086 0,102127659574468 0,960674157303371 0,87037037037037 0,28030303030303 0,7625 1 1 1 0,5 1 1 1
0,722222222222222 0,444444444444444 0,990243902439024 0,4 0,2 0,5 0,5 0,5 1 0,438775510204082 0,340153452685422 0,0328947368421053 0 0 0,741573033707865 0,759259259259259 0 0 1 0,5 1 0,5 1 1 0
0,466666666666667 0,5 0,995121951219512 0,4 0 1 1 0,5 1 0,189795918367347 0,391304347826087 0,0355263157894737 0,852760736196319 0,0914893617021277 0,550561797752809 0,62962962962963 0,371212121212121 0 1 1 1 1 0,5 0,5 0
0,733333333333333 0,388888888888889 1 0 0 0,5 0,5 1 1 0,218367346938776 0,040920716112532 0,0144736842105263 0,858895705521472 0,0765957446808511 0,764044943820225 0,777777777777778 0,416666666666667 0,6125 1 1 1 0,5 1 1 1
0,8 0,5 0,985365853658537 0,4 0 0 1 0,5 1 0,253061224489796 0,135549872122762 0,0302631578947368 0 0 0,668539325842697 0,722222222222222 0 0 1 1 1 0,5 1 1 0
0,522222222222222 0,333333333333333 0,995121951219512 0 0 0,5 0,5 1 1 0,238775510204082 0,0562659846547315 0,0157894736842105 0,846625766871166 0,074468085106383 0,730337078651685 0,833333333333333 0,196969696969697 0,7 1 1 1 0,5 1 1 1
0,811111111111111 0,5 0,985365853658537 0,2 0,8 1 1 0,5 1 0,477551020408163 0,143222506393862 0,025 0 0 0,578651685393258 0,518518518518518 0 0 1 0,5 1 0,5 1 1 0
0,5 0,388888888888889 1 0,4 0 0,5 1 0,5 1 0,238775510204082 0,132992327365729 0,0289473684210526 0,834355828220859 0,0808510638297872 0,561797752808989 0,555555555555556 0,723484848484849 0,4625 1 1 1 0,5 1 1 0
0,677777777777778 0,444444444444444 0,995121951219512 0 0 0 0,5 1 1 0,26734693877551 0,0588235294117647 0,0105263157894737 0,858895705521472 0,0872340425531915 0,634831460674157 0,648148148148148 0 0 1 1 1 0,5 1 1 0
0,822222222222222 0,333333333333333 0,995121951219512 0 0 0,5 0,5 1 1 0,179591836734694 0,127877237851662 0,00789473684210526 0,901840490797546 0,0787234042553192 0,966292134831461 0,981481481481482 0,227272727272727 0,5625 1 1 1 0,5 1 1 1
0,333333333333333 0,388888888888889 0,990243902439024 0 0 0 0,5 1 1 0,206122448979592 0,271099744245524 0,0855263157894737 0,828220858895706 0,0914893617021277 0 0 0 0 1 1 1 1 1 1 0
0,388888888888889 0,333333333333333 1 0 0 0,5 0,5 1 1 0,214285714285714 0,0997442455242967 0,00657894736842105 0,828220858895706 0,0829787234042553 0,825842696629213 0,796296296296296 0,21969696969697 0,775 1 1 1 0,5 1 1 1
0,6 0,333333333333333 0,990243902439024 0,6 0,4 0 1 1 1 0,718367346938775 0,350383631713555 0,0434210526315789 0,815950920245399 0,0957446808510638 0,634831460674157 0,574074074074074 0,21969696969697 0,45 0,5 0,5 0,5 1 0,5 1 0
0,0444444444444444 0 0,995121951219512 0,2 0 0 0,5 1 1 0,202040816326531 0,0588235294117647 0,00789473684210526 0,846625766871166 0,0936170212765958 0,674157303370787 0,62962962962963 0 0 1 1 1 0,5 1 1 0
0,322222222222222 0,444444444444444 0,995121951219512 0 0 0,5 0,5 1 1 0,142857142857143 0,040920716112532 0,00921052631578947 0,846625766871166 0,074468085106383 0,769662921348314 1 0,204545454545455 0,725 1 1 1 0,5 1 1 1
0,0888888888888889 0,277777777777778 0,995121951219512 0,8 0 0,5 0,5 1 1 0 0,117647058823529 0,0131578947368421 0,828220858895706 0,0808510638297872 0 0 0 0 1 1 1 0,5 0,5 1 0
0,366666666666667 0,444444444444444 1 0 0 0,5 0,5 1 1 0,181632653061225 0,0485933503836317 0,0144736842105263 0,883435582822086 0,106382978723404 0,842696629213483 0,740740740740741 0,390151515151515 0,6 1 1 1 0,5 1 1 1
0,0333333333333333 0 0,985365853658537 0,4 0 0,5 0,5 1 1 0 0,0562659846547315 0,00921052631578947 0 0 0,601123595505618 0,62962962962963 0,465909090909091 0 1 1 1 0,5 1 1 0
0,0888888888888889 0 0 0 0 0 0 1 1 0,163265306122449 0,168797953964194 0,0328947368421053 0,871165644171779 0,0765957446808511 0,685393258426966 0,703703703703704 0 0 1 1 1 0,5 1 1 0
0,744444444444444 0,444444444444444 1 0 0 0,5 0,5 1 1 0,202040816326531 0,10230179028133 0,00657894736842105 0 0 1 0,814814814814815 0,223484848484848 0,65 1 1 1 0,5 1 1 1
0,711111111111111 0,333333333333333 0,985365853658537 0,8 0,2 1 1 1 0,5 0,487755102040816 0,148337595907928 0,056578947368421 0,840490797546012 0,114893617021277 0,533707865168539 0,537037037037037 0,284090909090909 0,425 0,5 0,5 1 1 0,5 1 0
0,811111111111111 0,444444444444444 1 0 0 0,5 0,5 1 1 0,240816326530612 0,112531969309463 0,00921052631578947 0,840490797546012 0,074468085106383 0,831460674157303 0,833333333333333 0,352272727272727 0,5875 1 1 1 0,5 1 1 1
0,0666666666666667 0,333333333333333 0,985365853658537 0,8 0 1 1 1 0,5 0,191836734693878 0,171355498721228 0,0131578947368421 0,828220858895706 0,104255319148936 0,556179775280899 0,555555555555556 0,632575757575758 0,6 1 1 1 1 1 1 0
0 0,388888888888889 0,985365853658537 0,6 0 0,5 0,5 1 1 0,224489795918367 0,294117647058824 0,0789473684210526 0,822085889570552 0,0574468085106383 0,51123595505618 0,481481481481481 0,348484848484849 0,425 0,5 0,5 1 1 1 1 0
0,511111111111111 0,611111111111111 0,990243902439024 0 0 0 0,5 1 1 0,26530612244898 0,040920716112532 0,0118421052631579 0 0 0 0 0 0 1 1 1 0,5 1 1 0
0,266666666666667 0,444444444444444 0,995121951219512 0 0 0,5 0,5 1 1 0,189795918367347 0,117647058823529 0,0131578947368421 0,889570552147239 0,074468085106383 0 0 0,40530303030303 0,7875 1 1 1 0,5 1 1 1
0,355555555555556 0,5 1 0,2 0 1 1 1 1 0 0,570332480818414 0,238157894736842 0,693251533742331 0,138297872340426 0,308988764044944 0,277777777777778 0,0984848484848485 0,35 0,5 0,5 1 1 0,5 0,5 0
0,666666666666667 0,444444444444444 1 0 0 0,5 0,5 1 1 0,16530612244898 0,0383631713554987 0,00657894736842105 0,865030674846626 0,0765957446808511 0,842696629213483 0,851851851851852 0,397727272727273 0,6625 1 1 1 0,5 1 1 1
0,888888888888889 0,388888888888889 0,985365853658537 0,4 0 0 1 1 1 0 0,125319693094629 0,0157894736842105 0 0 0 0 0 0 0,5 0,5 1 0,5 1 1 0
0,777777777777778 0,5 0,995121951219512 0,4 0,2 1 1 1 0,5 0,375510204081633 0,252173913043478 0,0434210526315789 0,846625766871166 0,0829787234042553 0,325842696629213 0 0 0 0,5 0,5 0,5 1 1 1 0
0,755555555555556 0,333333333333333 1 0 0 0,5 0,5 1 1 0,255102040816327 0,104859335038363 0,0144736842105263 0,852760736196319 0,0808510638297872 0,97752808988764 0,925925925925926 0,253787878787879 0,7625 1 1 1 0,5 1 1 1
0,544444444444444 0,555555555555556 0,985365853658537 0,6 0 1 1 1 1 0,263265306122449 0,404092071611253 0,155263157894737 0,748466257668712 0,0680851063829787 0,455056179775281 0,444444444444444 0,363636363636364 0,4375 0,5 0,5 1 1 0,5 0,5 0
0,333333333333333 0,444444444444444 1 0 0 0,5 0,5 1 1 0,16734693877551 0,107416879795396 0,00921052631578947 0,895705521472393 0,106382978723404 0,837078651685393 0,833333333333333 0,356060606060606 0,7375 1 1 1 0,5 1 1 1
0,633333333333333 0,444444444444444 0 0 0 0 0 1 1 0 0,283887468030691 0,122368421052632 0,760736196319018 0,112765957446809 0,382022471910112 0 0,162878787878788 0,375 0,5 0,5 1 0,5 1 0,5 0
0,655555555555556 0,555555555555556 0,995121951219512 0,8 0,4 0,5 0,5 1 1 0,514285714285714 0,10230179028133 0,0421052631578947 0,840490797546012 0,1 0,629213483146067 0,555555555555556 1 0,4875 0,5 0,5 1 1 0,5 1 0
0,833333333333333 0,388888888888889 0,995121951219512 0 0 0,5 0,5 1 1 0,218367346938776 0,122762148337596 0,0105263157894737 0,883435582822086 0,074468085106383 0,764044943820225 0,851851851851852 0,390151515151515 0,6 1 1 1 0,5 1 1 1
0,722222222222222 0,444444444444444 0,990243902439024 0 0 0 0,5 1 1 0,187755102040816 0,0946291560102302 0,0197368421052632 0,858895705521472 0,11063829787234 0,49438202247191 0,462962962962963 0,40530303030303 0,4 0,5 1 0,5 0,5 0,5 1 0
0,766666666666667 0,388888888888889 0,995121951219512 0 0 0,5 0,5 1 1 0,169387755102041 0,107416879795396 0,0157894736842105 0,852760736196319 0,0787234042553192 0,910112359550562 0,925925925925926 0,352272727272727 0,675 1 1 1 0,5 1 1 1
1 0,5 1 0,2 0 0 0,5 1 1 0,283673469387755 0,227621483375959 0,0394736842105263 0,858895705521472 0,0872340425531915 0,674157303370787 0,685185185185185 0,299242424242424 0,4875 0,5 0,5 1 0,5 1 1 0
0,711111111111111 0,388888888888889 0 0 0 0 0 1 1 0,230612244897959 0,240409207161125 0,0960526315789474 0,840490797546012 0,0914893617021277 0,443820224719101 0,388888888888889 0 0 0,5 0,5 0,5 0,5 0,5 0,5 0
0,866666666666667 0,333333333333333 0 0 0 0 0 1 1 0,23265306122449 0,18925831202046 0,0381578947368421 0,828220858895706 0,125531914893617 0,449438202247191 0,444444444444444 0 0 1 0,5 1 0,5 1 0,5 0
0,311111111111111 0,333333333333333 1 0 0 0,5 0,5 1 1 0,161224489795918 0,127877237851662 0,00657894736842105 0,889570552147239 0,106382978723404 0,98876404494382 0,944444444444444 0,246212121212121 0,625 1 1 1 0,5 1 1 1
0 0,5 0 0 0 0 0 1 1 0,422448979591837 0,20460358056266 0,0894736842105263 0,871165644171779 0,117021276595745 0,47752808988764 0 0 0 0,5 0,5 1 0,5 1 0,5 0
0,8 0,333333333333333 0,995121951219512 0 0 0,5 0,5 1 1 0,222448979591837 0,0664961636828645 0,0118421052631579 0,920245398773006 0,104255319148936 0,842696629213483 0,962962962962963 0,397727272727273 0,6875 1 1 1 0,5 1 1 1
0,722222222222222 0,5 0,985365853658537 0,8 0,4 0,5 0,5 1 1 0,351020408163265 0,209718670076726 0,177631578947368 0,889570552147239 0,134042553191489 0,49438202247191 0,574074074074074 0 0 0,5 0,5 1 0,5 0,5 0,5 0
0,677777777777778 0,388888888888889 0 0 0 0 0 1 1 0,204081632653061 0,0716112531969309 0,0276315789473684 0 0 0,707865168539326 0,796296296296296 0 0 0,5 0,5 1 0,5 1 1 0
0,677777777777778 0,388888888888889 1 0 0 0,5 0,5 1 1 0,271428571428571 0,0971867007672634 0,0131578947368421 0,871165644171779 0,0765957446808511 0,769662921348314 0,87037037037037 0,348484848484849 0,6125 1 1 1 0,5 1 1 1
0,666666666666667 0,388888888888889 0,985365853658537 0,2 0 0 0,5 1 1 0,222448979591837 0,245524296675192 0,0513157894736842 0,828220858895706 0,0851063829787234 0,775280898876405 0,759259259259259 0 0 0,5 1 1 0,5 1 1 0
0,877777777777778 0,444444444444444 1 0 0 0,5 0,5 1 1 0,226530612244898 0,112531969309463 0,0157894736842105 0,895705521472393 0,0765957446808511 0,915730337078652 0,740740740740741 0,303030303030303 0,8 1 1 1 0,5 1 1 1
0,555555555555556 0,388888888888889 0,985365853658537 0 0 0 0,5 1 1 0,469387755102041 0,127877237851662 0,0289473684210526 0 0 0,674157303370787 0,759259259259259 0,393939393939394 0,575 0,5 0,5 1 0,5 1 1 0
0,744444444444444 0,444444444444444 0 0 0 0 0 1 1 0,695918367346939 0,0946291560102302 0,0197368421052632 0 0 0,691011235955056 0,759259259259259 0,261363636363636 0,6125 0,5 0,5 1 0,5 1 0,5 0
0,777777777777778 0,444444444444444 0,995121951219512 0 0 0,5 0,5 1 1 0,151020408163265 0,104859335038363 0,00657894736842105 0,877300613496933 0,0957446808510638 0,848314606741573 0,888888888888889 0,367424242424242 0,7 1 1 1 0,5 1 1 1
0,211111111111111 0,388888888888889 0,995121951219512 0 0 0 0,5 1 1 0 0 0 0 0 0,646067415730337 0 0,261363636363636 0 1 1 1 0,5 1 1 0
0,644444444444444 0,388888888888889 1 0 0 0,5 0,5 1 1 0,179591836734694 0,040920716112532 0,0144736842105263 0,901840490797546 0,074468085106383 0,921348314606741 0,981481481481482 0,34469696969697 0,65 1 1 1 0,5 1 1 1
0,655555555555556 0,555555555555556 0,990243902439024 0,8 0,4 0,5 0,5 1 1 0,520408163265306 0,337595907928389 0,168421052631579 0,828220858895706 0,121276595744681 0,410112359550562 0,37037037037037 0,371212121212121 0,4875 0,5 0,5 0,5 0,5 1 0,5 0
0,6 0,666666666666667 0,990243902439024 0 0 0 0,5 1 1 0,210204081632653 0,0460358056265985 0,0157894736842105 0 0 0 0 0 0 1 1 1 0,5 1 1 0
0,444444444444444 0,388888888888889 0,990243902439024 0,6 0,8 0,5 0,5 1 1 0,516326530612245 0,383631713554987 0,156578947368421 0,809815950920245 0,119148936170213 0,612359550561798 0,574074074074074 0,333333333333333 0,425 0,5 0,5 1 1 0,5 1 0
0,711111111111111 0,388888888888889 0,995121951219512 0 0 0,5 0,5 1 1 0,197959183673469 0,0690537084398977 0,00921052631578947 0,889570552147239 0,102127659574468 0,775280898876405 0,907407407407407 0,242424242424242 0,6 1 1 1 0,5 1 1 1
0,611111111111111 0,444444444444444 0,985365853658537 0,6 0,2 0,5 1 0,5 0,5 0,436734693877551 0,186700767263427 0,0513157894736842 0,840490797546012 0,104255319148936 0,612359550561798 0,62962962962963 0,28030303030303 0,4625 0,5 0,5 1 0,5 0,5 1 0
0,788888888888889 0,333333333333333 1 0 0 0,5 0,5 1 1 0 0 0,0118421052631579 0,858895705521472 0,102127659574468 0,853932584269663 0,777777777777778 0,291666666666667 0,6875 1 1 1 0,5 1 1 1
0,755555555555556 0,444444444444444 0,990243902439024 0 0 0 1 1 1 0,348979591836735 0,0767263427109974 0,0131578947368421 0 0 0,769662921348314 0 0,185606060606061 0,65 1 0,5 1 0,5 1 1 0
0,0222222222222222 0 0,985365853658537 0,6 0 0,5 1 1 1 0 0 0 0 0 0 0 0 0 1 1 1 0,5 0,5 1 0
0,688888888888889 0,444444444444444 1 0 0 0,5 0,5 1 1 0,159183673469388 0,115089514066496 0,00789473684210526 0,846625766871166 0,074468085106383 0,904494382022472 0,925925925925926 0,204545454545455 0,7125 1 1 1 0,5 1 1 1
0,711111111111111 0,388888888888889 0,985365853658537 0 0 0 0,5 1 1 0,218367346938776 0,0383631713554987 0 0 0 0,719101123595506 0,703703703703704 0 0 1 1 1 0,5 1 1 0
0,655555555555556 0,333333333333333 0,995121951219512 0 0 0,5 0,5 1 1 0,230612244897959 0,0588235294117647 0,0144736842105263 0,852760736196319 0,074468085106383 0,859550561797753 1 0,246212121212121 0,6125 1 1 1 0,5 1 1 1
0,7 0,555555555555556 0,985365853658537 0,2 0 0 0,5 1 1 0,159183673469388 0,156010230179028 0,0236842105263158 0,865030674846626 0,0936170212765958 0,685393258426966 0,666666666666667 0,397727272727273 0,5375 1 0,5 1 0,5 1 1 0
0,366666666666667 0,5 0,990243902439024 0 0 0 0,5 1 1 0,187755102040816 0,0485933503836317 0,0105263157894737 0 0 0,662921348314607 0,62962962962963 0,265151515151515 0 1 1 1 0,5 1 1 0
0,788888888888889 0,388888888888889 1 0 0 0 0 1 1 0,161224489795918 0,120204603580563 0,00657894736842105 0,871165644171779 0,102127659574468 0,932584269662921 0,740740740740741 0,21969696969697 0,7375 1 1 1 0,5 1 1 1
0,755555555555556 0,5 0,985365853658537 0 0 0 0,5 1 1 0,485714285714286 0,145780051150895 0,0328947368421053 0 0 0,550561797752809 0,518518518518518 0,303030303030303 0,4125 0,5 0,5 1 1 1 1 0
0,533333333333333 0,444444444444444 1 0 0 0,5 0,5 1 1 0,153061224489796 0,0562659846547315 0,0105263157894737 0,840490797546012 0,106382978723404 0,943820224719101 0,944444444444444 0,227272727272727 0,8125 1 1 1 0,5 1 1 1
0,4 0,444444444444444 0,985365853658537 0 0 0 0,5 1 1 0,210204081632653 0 0 0 0 0,668539325842697 0,666666666666667 0,333333333333333 0 1 1 1 0,5 1 1 0
0,733333333333333 0,388888888888889 0,995121951219512 0,2 0 0,5 0 1 1 0,506122448979592 0,0767263427109974 0,0223684210526316 0,846625766871166 0,112765957446809 0 0 0 0 0,5 0,5 1 0,5 1 1 0
0,822222222222222 0,333333333333333 0 0 0 0 0 1 1 0,220408163265306 0,173913043478261 0,0236842105263158 0 0 0 0 0 0 0,5 0,5 1 0,5 1 1 0
0,888888888888889 0,444444444444444 1 0 0 0,5 0,5 1 1 0,242857142857143 0,117647058823529 0,00921052631578947 0,865030674846626 0,104255319148936 0,780898876404494 0,907407407407407 0,193181818181818 0,625 1 1 1 0,5 1 1 1
0,788888888888889 0,5 0,985365853658537 0 0,6 0 0,5 1 1 0,618367346938775 0,0767263427109974 0,0171052631578947 0,834355828220859 0,0872340425531915 0,730337078651685 0,703703703703704 0,348484848484849 0,575 0,5 0,5 1 0,5 1 1 0
0,633333333333333 0,333333333333333 0,995121951219512 0 0 0,5 0,5 1 1 0,269387755102041 0,0460358056265985 0,0144736842105263 0,920245398773006 0,1 0,865168539325843 0,777777777777778 0,416666666666667 0,5625 1 1 1 0,5 1 1 1
0,377777777777778 0,333333333333333 0,995121951219512 0 0 0 0,5 1 1 0,238775510204082 0,0716112531969309 0,0289473684210526 0,846625766871166 0,0808510638297872 0 0 0 0 1 1 1 0,5 0,5 1 0
0,666666666666667 0,5 0,985365853658537 0,6 1 1 0,5 1 0,5 1 0,242966751918159 0,0355263157894737 0,803680981595092 0,0808510638297872 0,646067415730337 0,648148148148148 0,454545454545455 0,5625 0,5 0,5 1 0,5 1 1 0
0,7 0,388888888888889 0,995121951219512 0 0 0,5 0,5 1 1 0,230612244897959 0,0639386189258312 0,00789473684210526 0,895705521472393 0,104255319148936 0,926966292134831 0,962962962962963 0,303030303030303 0,6375 1 1 1 0,5 1 1 1
0,711111111111111 0,555555555555556 0,990243902439024 0,8 0,4 1 1 1 0,5 0,33265306122449 0,138107416879795 0,0947368421052632 0,858895705521472 0,0978723404255319 0,443820224719101 0,481481481481481 0,284090909090909 0,425 0,5 0,5 1 0,5 0,5 1 0
0,511111111111111 0,388888888888889 1 0 0 0,5 0,5 1 1 0,204081632653061 0,120204603580563 0,00657894736842105 0,871165644171779 0,074468085106383 0,921348314606741 0,796296296296296 0,215909090909091 0,8125 1 1 1 0,5 1 1 1
0,633333333333333 0,444444444444444 0,990243902439024 0 0 0 0,5 1 1 0,244897959183673 0,122762148337596 0,0210526315789474 0 0 0,634831460674157 0,666666666666667 0,272727272727273 0,475 0,5 0,5 1 0,5 1 1 0
0,666666666666667 0,388888888888889 0 0 0 0 0 1 1 0,253061224489796 0,132992327365729 0,0328947368421053 0 0 0 0 0 0 0,5 1 1 0,5 1 1 0
0,166666666666667 0,444444444444444 1 0 0 0,5 0,5 1 1 0,189795918367347 0,0434782608695652 0,0118421052631579 0,834355828220859 0,0829787234042553 0,938202247191011 0,925925925925926 0,234848484848485 0,65 1 1 1 0,5 1 1 1
0,655555555555556 0,277777777777778 0,985365853658537 0,6 0 0,5 1 1 1 0,491836734693878 0,48849104859335 0,157894736842105 0,699386503067485 0,0617021276595745 0,539325842696629 0,574074074074074 0,59469696969697 0,475 1 0,5 1 0,5 0,5 1 0
0,566666666666667 0,444444444444444 0,995121951219512 0 0 0,5 0,5 1 1 0,191836734693878 0,0383631713554987 0,0157894736842105 0,883435582822086 0,0787234042553192 0,870786516853933 0,851851851851852 0,359848484848485 0,8 1 1 1 0,5 1 1 1
0,722222222222222 0,333333333333333 0,985365853658537 0,4 0 0,5 1 0,5 1 0,391836734693878 0,0434782608695652 0,0223684210526316 0,797546012269939 0,0914893617021277 0 0 0,359848484848485 0 0,5 0,5 1 1 1 1 0
0,666666666666667 0,5 0 0 0 0 0 1 1 0,548979591836735 0,130434782608696 0,0368421052631579 0,846625766871166 0,0787234042553192 0,646067415730337 0,648148148148148 0 0 0,5 0,5 0,5 0,5 0,5 1 0
0,555555555555556 0,5 0,990243902439024 0,2 0 1 1 1 1 0 0 0 0 0 0 0 0 0 1 1 1 0,5 0,5 1 0
0,455555555555556 0,444444444444444 1 0 0 0,5 0,5 1 1 0,228571428571429 0,122762148337596 0,00921052631578947 0,858895705521472 0,106382978723404 0,955056179775281 0,962962962962963 0,272727272727273 0,725 1 1 1 0,5 1 1 1
0,566666666666667 0,555555555555556 0,990243902439024 0,4 0 0,5 0,5 1 0,5 0,189795918367347 0,051150895140665 0,0210526315789474 0,895705521472393 0,0957446808510638 0 0 0 0 1 1 1 1 1 1 0
0,577777777777778 0,444444444444444 1 0 0 0,5 0,5 1 1 0,202040816326531 0,0639386189258312 0,0105263157894737 0,828220858895706 0,0787234042553192 0,842696629213483 0,962962962962963 0,238636363636364 0,6625 1 1 1 0,5 1 1 1
0,411111111111111 0,555555555555556 0,985365853658537 0 0 1 0,5 1 1 0 0,0485933503836317 0,0171052631578947 0 0 0,842696629213483 0,814814814814815 0,15530303030303 0,65 0,5 1 1 0,5 1 1 0
0,5 0,388888888888889 0,985365853658537 0,4 0 0 0,5 1 1 0,230612244897959 0,237851662404092 0,0302631578947368 0 0 0,443820224719101 0,481481481481481 0,215909090909091 0 1 1 0,5 0,5 1 0,5 0
0,4 0,444444444444444 1 0 0 0,5 0,5 1 1 0,173469387755102 0,040920716112532 0,0144736842105263 0,871165644171779 0,0872340425531915 0,876404494382022 0,814814814814815 0,21969696969697 0,7875 1 1 1 0,5 1 1 1
0,722222222222222 0,444444444444444 0 0 0 0 0 1 1 0,151020408163265 0,168797953964194 0,0263157894736842 0,834355828220859 0,114893617021277 0,51123595505618 0,462962962962963 0 0 0,5 0,5 0,5 0,5 0,5 1 0
0,633333333333333 0,444444444444444 0,995121951219512 0 0 0,5 0,5 1 1 0,271428571428571 0,122762148337596 0,0157894736842105 0,901840490797546 0,0914893617021277 0,831460674157303 0,851851851851852 0,25 0,6875 1 1 1 0,5 1 1 1
0,888888888888889 0,388888888888889 0,990243902439024 0,4 0,4 0 0,5 1 1 0,287755102040816 0,135549872122762 0,0289473684210526 0 0 0,713483146067416 0,740740740740741 0,363636363636364 0 0,5 0,5 1 1 0,5 1 0
0,8 0,555555555555556 0 0 0 0 0 1 1 0,410204081632653 0,616368286445013 0,176315789473684 0,779141104294479 0,102127659574468 0,528089887640449 0,518518518518518 0 0 0,5 0,5 1 0,5 1 0,5 0
0,477777777777778 0,333333333333333 1 0 0 0,5 0,5 1 1 0,238775510204082 0,115089514066496 0,00921052631578947 0,865030674846626 0,0936170212765958 0,730337078651685 1 0,28030303030303 0,675 1 1 1 0,5 1 1 1
0,377777777777778 0,5 0,990243902439024 0,4 0 0,5 0,5 1 1 0,212244897959184 0,127877237851662 0,0210526315789474 0,840490797546012 0,0872340425531915 0,668539325842697 0,722222222222222 0 0 1 1 1 0,5 1 1 0
0,555555555555556 0,444444444444444 0,995121951219512 0 0 0,5 0,5 1 1 0,279591836734694 0,117647058823529 0,0105263157894737 0,852760736196319 0,106382978723404 0,792134831460674 0,833333333333333 0,359848484848485 0,575 1 1 1 0,5 1 1 1
0,722222222222222 0,388888888888889 0,990243902439024 0,2 0 0 0,5 1 1 0,414285714285714 0,117647058823529 0,0184210526315789 0 0 0,640449438202247 0,666666666666667 0,189393939393939 0,5125 0,5 0,5 1 1 0,5 1 0
0,633333333333333 0,388888888888889 0,990243902439024 0,2 0 0 1 1 1 0,336734693877551 0,115089514066496 0,0197368421052632 0,858895705521472 0,0702127659574468 0,584269662921348 0,574074074074074 0,159090909090909 0,4875 1 1 1 0,5 1 1 0
0,766666666666667 0,388888888888889 0,985365853658537 0,8 0,6 0,5 1 0,5 0,5 0,436734693877551 0,245524296675192 0,0828947368421053 0,736196319018405 0,0829787234042553 0,528089887640449 0,518518518518518 0,435606060606061 0,4125 0,5 0,5 0,5 0,5 0,5 0,5 0
0,611111111111111 0,444444444444444 0,995121951219512 0 0 0,5 0,5 1 1 0,285714285714286 0,125319693094629 0,00657894736842105 0,920245398773006 0,104255319148936 0,882022471910112 0,87037037037037 0,253787878787879 0,6125 1 1 1 0,5 1 1 1
0,688888888888889 0,5 0,995121951219512 0,4 0,2 0 0,5 1 1 0,344897959183674 0,122762148337596 0,0315789473684211 0,846625766871166 0,0617021276595745 0,752808988764045 0,87037037037037 0,416666666666667 0,7625 0,5 1 1 0,5 1 1 0
0,466666666666667 0,388888888888889 1 0 0 0,5 0,5 1 1 0,153061224489796 0,0792838874680307 0,0157894736842105 0,865030674846626 0,074468085106383 0,926966292134831 1 0,295454545454545 0,775 1 1 1 0,5 1 1 1
0,711111111111111 0,5 0,990243902439024 0,6 0,4 0 1 0,5 1 0,944897959183673 0,163682864450128 0,0368421052631579 0,828220858895706 0,0872340425531915 0,685393258426966 0,740740740740741 0,371212121212121 0,575 0,5 0,5 1 0,5 1 0,5 0
0,533333333333333 0,555555555555556 0 0 0 0 0 1 1 0,210204081632653 0,202046035805627 0,0697368421052632 0,828220858895706 0,134042553191489 0,353932584269663 0,351851851851852 0,272727272727273 0,325 0,5 1 0,5 1 1 1 0
0,133333333333333 0,444444444444444 0,995121951219512 0 0 0,5 0,5 1 1 0,204081632653061 0,0664961636828645 0,00789473684210526 0,840490797546012 0,0936170212765958 0,887640449438202 0,907407407407407 0,25 0,675 1 1 1 0,5 1 1 1
0,533333333333333 0,611111111111111 0,990243902439024 0,6 0 1 0,5 0,5 1 0,216326530612245 0,549872122762148 0,2 0,736196319018405 0,121276595744681 0,48314606741573 0,481481481481481 0,189393939393939 0,3125 0,5 1 0,5 0,5 1 0,5 0
0,188888888888889 0,333333333333333 1 0 0 0,5 0,5 1 1 0,23265306122449 0,127877237851662 0,0131578947368421 0,828220858895706 0,104255319148936 0,797752808988764 0,944444444444444 0,272727272727273 0,7375 1 1 1 0,5 1 1 1
0,6 0,5 1 0,2 0 0,5 1 1 1 0,306122448979592 0,0460358056265985 0,0157894736842105 0,858895705521472 0,0893617021276596 0 0 0 0 1 1 1 1 0,5 0,5 0
0,655555555555556 0,388888888888889 0,985365853658537 0,2 0,6 1 1 1 1 0,86530612244898 0,140664961636829 0,0223684210526316 0,846625766871166 0,0957446808510638 0,707865168539326 0,685185185185185 0,386363636363636 0,5125 0,5 0,5 0,5 0,5 1 1 0
0,644444444444444 0,444444444444444 1 0 0 0,5 0,5 1 1 0,26734693877551 0,0460358056265985 0,0144736842105263 0,865030674846626 0,074468085106383 0,887640449438202 0,981481481481482 0,257575757575758 0,7625 1 1 1 0,5 1 1 1
0,622222222222222 0,5 0,985365853658537 0,8 0,2 0,5 1 0,5 1 0,359183673469388 0,790281329923274 0,175 0,760736196319018 0,138297872340426 0,174157303370787 0,166666666666667 0,204545454545455 0,2625 0,5 0,5 1 1 0,5 0,5 0
