0 0.5 0.5 1 0.285714285714286 0.0255754475703325 0.828220858895706 0.842696629213483 1
0.2 0 0.5 1 0.246938775510204 0.0920716112531969 0 0.865168539325843 0
0.8 0 0.5 1 0 0.0460358056265985 0 0.634831460674157 0
0.4 0.5 0.5 1 0.863265306122449 0.135549872122762 0 0.539325842696629 0
0 0.5 0.5 1 0.142857142857143 0.0920716112531969 0.920245398773006 0.955056179775281 1
0.8 0.5 1 1 0.238775510204082 0.143222506393862 0.680981595092024 0.629213483146067 0
0 0.5 0.5 1 0.16734693877551 0.125319693094629 0.901840490797546 0.893258426966292 1
0.4 0.5 0.5 1 0.216326530612245 0.0664961636828645 0 0.651685393258427 0
0.6 0 0 1 0.151020408163265 0.0639386189258312 0.871165644171779 0.685393258426966 0
0 0.5 0.5 1 0.242857142857143 0.0434782608695652 0.828220858895706 0.865168539325843 1
0 0 0.5 1 0.204081632653061 0.138107416879795 0.638036809815951 0.696629213483146 0
0 0.5 0.5 1 0.202040816326531 0.0971867007672634 0.828220858895706 0.730337078651685 1
0.4 0.5 1 1 0.836734693877551 0.0792838874680307 0 0.696629213483146 0
0.6 0.5 1 1 0.281632653061224 0.153452685421995 0 0.606741573033708 0
0 0.5 0.5 1 0.246938775510204 0.0690537084398977 0.883435582822086 0.764044943820225 1
0.4 1 1 1 0.142857142857143 0.273657289002558 0.699386503067485 0.533707865168539 0
0 0.5 0.5 1 0.26734693877551 0.0255754475703325 0.895705521472393 0.814606741573034 1
0.4 0 1 1 1 0.140664961636829 0 0.528089887640449 0
0.6 1 1 1 0.775510204081633 0.153452685421995 0.803680981595092 0.606741573033708 0
0.6 0 0.5 1 0.424489795918367 0.184143222506394 0.846625766871166 0.544943820224719 0
0 0.5 0.5 1 0.185714285714286 0.0920716112531969 0.828220858895706 0.786516853932584 1
0 0 0 1 0.2 0.219948849104859 0.828220858895706 0.550561797752809 0
0 0.5 0.5 1 0.2 0.051150895140665 0.858895705521472 0.780898876404494 1
0.6 0.5 1 0.5 0.320408163265306 0.230179028132992 0.797546012269939 0.314606741573034 0
0.6 0 0.5 1 0.155102040816327 0.414322250639386 0.865030674846626 0.426966292134831 0
0 0.5 0.5 1 0.212244897959184 0.0792838874680307 0.828220858895706 0.904494382022472 1
0.4 0 0.5 1 0.202040816326531 0.117647058823529 0.846625766871166 0.707865168539326 0
0 0.5 0.5 1 0.26734693877551 0.0971867007672634 0.901840490797546 0.792134831460674 1
0 0 0 1 0.23265306122449 0.222506393861893 0.852760736196319 0.679775280898876 0
0 0 0.5 1 0.536734693877551 0.0690537084398977 0.828220858895706 0.713483146067416 0
0 0.5 0.5 1 0.248979591836735 0.0818414322250639 0.852760736196319 0.955056179775281 1
0.2 0 1 1 0.204081632653061 0.0792838874680307 0 0.578651685393258 0
0 0.5 0.5 1 0.240816326530612 0.0460358056265985 0.828220858895706 0.870786516853933 1
0.4 1 1 1 0.353061224489796 0.378516624040921 0.828220858895706 0.432584269662921 0
0 0 0 1 0 0.460358056265985 0.0276073619631902 0.612359550561798 0
0.8 0.5 1 1 0.193877551020408 0.416879795396419 0.834355828220859 0.550561797752809 0
0 0.5 0.5 1 0.238775510204082 0.117647058823529 0.840490797546012 0.910112359550562 1
0 0 0.5 1 0 0 0 0 0
0 0.5 0.5 1 0.269387755102041 0.061381074168798 0.858895705521472 0.808988764044944 1
0.8 0.5 1 0.5 0 0.127877237851662 0.791411042944785 0.623595505617978 0
0 0 0.5 1 0.220408163265306 0.191815856777494 0.865030674846626 0.556179775280899 0
0 0.5 0.5 1 0.197959183673469 0.10230179028133 0.920245398773006 0.797752808988764 1
0 0 0.5 1 0.318367346938776 0.115089514066496 0.858895705521472 0.651685393258427 0
0 0.5 0.5 1 0.271428571428571 0.0434782608695652 0.828220858895706 0.741573033707865 1
0.6 0.5 1 1 0.538775510204082 0.222506393861893 0.797546012269939 0.702247191011236 0
0.2 0 0 1 0.251020408163265 0.0792838874680307 0 0 0
0 0.5 0.5 1 0.248979591836735 0.0843989769820972 0.895705521472393 0.780898876404494 1
0.2 1 1 1 0 0.0716112531969309 0 0.724719101123596 0
0 0 0 1 0.204081632653061 0.125319693094629 0.858895705521472 0.915730337078652 1
0 0 0 1 0.189795918367347 0.396419437340153 0.809815950920245 0 0
0.6 0 1 1 0.218367346938776 0.0843989769820972 0.865030674846626 0.567415730337079 0
0.2 0 0.5 1 0.324489795918367 0.0997442455242967 0.815950920245399 0.634831460674157 0
0 0.5 0.5 1 0.246938775510204 0.0485933503836317 0.871165644171779 0.842696629213483 1
0.4 1 1 1 0.285714285714286 0.140664961636829 0 0.567415730337079 0
0 0.5 0.5 1 0.226530612244898 0.0869565217391304 0.889570552147239 0.803370786516854 1
0.2 0.5 0 0.5 0.348979591836735 0.391304347826087 0 0 0
0.4 1 0.5 1 0.551020408163265 0.0997442455242967 0 0.674157303370787 0
0 0.5 0.5 1 0.195918367346939 0.0639386189258312 0.883435582822086 0.775280898876405 1
0.2 0.5 0.5 1 0.187755102040816 0.0741687979539642 0.815950920245399 0.578651685393258 0
0 0.5 0.5 1 0.283673469387755 0.0383631713554987 0.828220858895706 0.831460674157303 1
0 0 0 1 0.279591836734694 0.166240409207161 0.865030674846626 0.544943820224719 0
0.6 1 0.5 1 0 0.263427109974425 0.809815950920245 0.702247191011236 0
0 0.5 0.5 1 0.193877551020408 0.0895140664961637 0.858895705521472 0 1
0.4 0.5 0 1 0.285714285714286 0.179028132992327 0.834355828220859 0.730337078651685 0
0 0.5 0.5 1 0.218367346938776 0.0588235294117647 0.865030674846626 0.808988764044944 1
0.4 0.5 1 1 0.202040816326531 0.20460358056266 0 0.623595505617978 0
0 0 0.5 1 0 0.051150895140665 0 0 0
0 0 0.5 1 0.416326530612245 0.0741687979539642 0.852760736196319 0.544943820224719 0
0 0.5 0.5 1 0.255102040816327 0.0562659846547315 0.852760736196319 0.926966292134831 1
0.2 1 0 1 0.161224489795918 0.516624040920716 0.822085889570552 0.443820224719101 0
0 0.5 0.5 1 0 0 0.840490797546012 0.786516853932584 1
0.6 1 1 1 0.422448979591837 0.19693094629156 0.822085889570552 0.544943820224719 0
0.6 0 1 1 0.424489795918367 0.227621483375959 0.797546012269939 0.52247191011236 0
0 0.5 0.5 1 0.251020408163265 0.117647058823529 0.828220858895706 0.882022471910112 1
0 0 0.5 1 0.253061224489796 0.061381074168798 0.871165644171779 0.696629213483146 0
0 0.5 0.5 1 0.228571428571429 0.112531969309463 0.871165644171779 0.814606741573034 1
0.6 0 0.5 1 0 0.0434782608695652 0 0.842696629213483 0
0 0.5 0.5 1 0.142857142857143 0.0818414322250639 0.766871165644172 0.561797752808989 0
0 0.5 0.5 1 0.285714285714286 0.0588235294117647 0.858895705521472 0.915730337078652 1
0.4 0.5 1 1 0.293877551020408 0.184143222506394 0 0.544943820224719 0
0 0 0 1 0.189795918367347 0.0843989769820972 0.883435582822086 0.747191011235955 1
0 0 0 1 0.185714285714286 0.29156010230179 0.871165644171779 0.48314606741573 0
0.6 0 0.5 1 0.330612244897959 0.168797953964194 0.834355828220859 0.578651685393258 0
0 0 0.5 1 0 0.0971867007672634 0 0.612359550561798 0
0 0.5 0.5 1 0.26530612244898 0.127877237851662 0.901840490797546 0.870786516853933 1
0 0 0 1 0.502040816326531 0.061381074168798 0 0.764044943820225 0
0 0.5 0.5 1 0.251020408163265 0.112531969309463 0.828220858895706 0.820224719101123 1
0.4 0.5 0 1 0 0 0.834355828220859 0.730337078651685 0
0.6 1 0.5 1 0 0 0 0.533707865168539 0
0 0.5 0.5 1 0 0 0 0.921348314606741 1
0.6 0.5 1 1 0 0.419437340153453 0.803680981595092 0.573033707865169 0
0 0.5 0.5 1 0.204081632653061 0.0946291560102302 0.871165644171779 0.949438202247191 1
0 0 0.5 1 0.189795918367347 0.396419437340153 0.809815950920245 0 0
0.4 1 1 1 0.516326530612245 0.363171355498721 0.846625766871166 0.589887640449438 0
0 0.5 0.5 1 0.191836734693878 0.0485933503836317 0.828220858895706 0.898876404494382 1
0 0 0 1 0 0.245524296675192 0 0.370786516853933 0
0 0.5 0.5 1 0.16530612244898 0.0460358056265985 0.889570552147239 0.825842696629213 1
0.2 0 1 1 0.287755102040816 0.168797953964194 0.846625766871166 0 0
0.2 0.5 1 1 0.371428571428571 1 1 0 0
0.6 0 0.5 1 0.175510204081633 0.0383631713554987 0.846625766871166 0.617977528089888 0
0 0.5 0.5 1 0.253061224489796 0.0562659846547315 0.840490797546012 0.752808988764045 1
0.2 1 0.5 1 0.306122448979592 0.283887468030691 0.803680981595092 0.421348314606742 0
0 0.5 0.5 1 0.142857142857143 0.117647058823529 0.828220858895706 0.893258426966292 1
0 0 0.5 1 0.297959183673469 0 0 0.550561797752809 0
0.2 0 0.5 1 0 0.051150895140665 0 0.842696629213483 0
0 0.5 0.5 1 0.189795918367347 0.0818414322250639 0.877300613496933 0.932584269662921 1
0.4 1 0.5 1 0.306122448979592 0.140664961636829 0.803680981595092 0 0
0 0 0 0 0.155102040816327 0.0716112531969309 0.895705521472393 0.831460674157303 1
0.6 0.5 1 1 0.86734693877551 0 0 0 0
0.4 0 0.5 1 0.228571428571429 0.186700767263427 0 0.612359550561798 0
0 0.5 0.5 1 0.253061224489796 0.112531969309463 0.858895705521472 0.837078651685393 1
0 0 0.5 1 0.510204081632653 0.051150895140665 0 0.876404494382022 0
0 0.5 0.5 1 0.181632653061225 0.107416879795396 0.852760736196319 0.938202247191011 1
0 0 0.5 1 0.73469387755102 0.0485933503836317 0.840490797546012 0.853932584269663 0
0.2 0.5 0.5 1 0.33265306122449 0.235294117647059 0.865030674846626 0.550561797752809 0
0.6 0 1 1 0 0.0895140664961637 0 0.578651685393258 0
0 0.5 0.5 1 0.187755102040816 0.0485933503836317 0.920245398773006 0.837078651685393 1
0.4 1 1 1 0.263265306122449 0.273657289002558 0.809815950920245 0.269662921348315 0
0 0.5 0.5 1 0.224489795918367 0.127877237851662 0.828220858895706 0.803370786516854 1
0.4 1 1 1 0.263265306122449 0.273657289002558 0.803680981595092 0.51123595505618 0
0.2 0 0.5 1 0 0.040920716112532 0.846625766871166 0.455056179775281 0
0 0 0 1 0.216326530612245 0.0639386189258312 0.920245398773006 0.842696629213483 1
0.8 1 1 0.5 0.271428571428571 0.355498721227621 0.809815950920245 0.578651685393258 0
0 0.5 0.5 1 0.255102040816327 0.0971867007672634 0.858895705521472 0.943820224719101 1
0.2 0 0.5 1 0.208163265306122 0.122762148337596 0.840490797546012 0.668539325842697 0
0 0 0 1 0.322448979591837 0.217391304347826 0.865030674846626 0.567415730337079 0
0 0.5 0.5 1 0.236734693877551 0.0664961636828645 0.895705521472393 0.887640449438202 1
0.2 0 0.5 1 0.336734693877551 0.140664961636829 0 0.758426966292135 0
0 0.5 0.5 1 0.185714285714286 0.125319693094629 0.828220858895706 0.758426966292135 1
0 0 0.5 1 0.269387755102041 0.250639386189258 0.815950920245399 0.606741573033708 0
0 0 0 1 0.73469387755102 0.115089514066496 0.785276073619632 0.466292134831461 0
0 0 0 1 0.212244897959184 0.19693094629156 0.858895705521472 0 0
0 0.5 0.5 1 0.259183673469388 0.122762148337596 0.920245398773006 0.848314606741573 1
0.2 0.5 0.5 1 0.259183673469388 0.0485933503836317 0.822085889570552 0 0
0 0.5 0.5 0 0.23265306122449 0.0664961636828645 0.865030674846626 0.842696629213483 1
0.6 0.5 1 1 0.155102040816327 0.475703324808184 0.828220858895706 0.398876404494382 0
0.4 0 0 1 0 0.117647058823529 0 0.556179775280899 0
0 0.5 0.5 1 0.195918367346939 0.0843989769820972 0.901840490797546 0.949438202247191 1
0 0 0 1 0.846938775510204 0.0946291560102302 0 0 0
0 0.5 0.5 1 0.259183673469388 0.112531969309463 0.889570552147239 0.831460674157303 1
0.2 0.5 1 1 0.344897959183674 0.120204603580563 0 0.623595505617978 0
0.8 0 0.5 1 0.512244897959184 0.132992327365729 0 0 0
0 0.5 0.5 1 0.218367346938776 0.0664961636828645 0 0.955056179775281 1
0 0 0.5 1 0.222448979591837 0.0818414322250639 0.852760736196319 0 0
0 0.5 0.5 1 0.261224489795918 0.0971867007672634 0.828220858895706 0.735955056179775 1
0.4 0.5 0.5 0.5 0.571428571428571 0.0895140664961637 0.877300613496933 0.730337078651685 0
0.8 1 0.5 1 0.428571428571429 0.0664961636828645 0.834355828220859 0.904494382022472 0
0.6 0.5 1 0.5 0.446938775510204 0.209718670076726 0.815950920245399 0.584269662921348 0
0 0.5 0.5 1 0.248979591836735 0.0639386189258312 0.846625766871166 0.960674157303371 1
0.6 1 1 1 0.602040816326531 0.230179028132992 0.858895705521472 0.51685393258427 0
0 0.5 0.5 1 0.261224489795918 0.0767263427109974 0.858895705521472 0.853932584269663 1
0 0 0.5 1 0.189795918367347 0.168797953964194 0.840490797546012 0.651685393258427 0
0.2 0 0.5 1 0.191836734693878 0.0639386189258312 0.803680981595092 0 0
0 0.5 0.5 1 0.279591836734694 0.0434782608695652 0.920245398773006 0.764044943820225 1
0.2 0 0.5 1 0.351020408163265 0.0818414322250639 0 0.629213483146067 0
0 0.5 0.5 1 0.16530612244898 0.117647058823529 0.828220858895706 0.780898876404494 1
0.2 0 0.5 1 0.185714285714286 0.130434782608696 0.809815950920245 0.561797752808989 0
0 0 0 1 0.206122448979592 0.271099744245524 0.828220858895706 0.348314606741573 0
0 0 0 1 0.263265306122449 0.0639386189258312 0.852760736196319 0.966292134831461 1
0 0 1 1 0.608163265306122 0.061381074168798 0.852760736196319 0.629213483146067 0
0 0.5 0.5 1 0.208163265306122 0.0690537084398977 0.871165644171779 0.741573033707865 1
0.8 1 1 1 0.312244897959184 0.0562659846547315 0.815950920245399 0 0
0.4 0 1 0.5 0.179591836734694 0.20460358056266 0.852760736196319 0.634831460674157 0
0 0 0.5 1 0.187755102040816 0.0818414322250639 0.865030674846626 0.780898876404494 0
0 0.5 0.5 1 0.269387755102041 0.0460358056265985 0.901840490797546 0.769662921348314 1
0.4 0.5 1 1 0.461224489795918 0.554987212276215 0 0.573033707865169 0
0 0.5 0.5 1 0 0 0.828220858895706 0.859550561797753 1
0 0 0 1 0.291836734693878 0.225063938618926 0 0 0
0 0 0.5 1 0.23469387755102 0.0818414322250639 0.852760736196319 0.792134831460674 0
0 0.5 0.5 1 0.212244897959184 0.0716112531969309 0.871165644171779 0.971910112359551 1
0 0 0 1 0.181632653061225 0.301790281329923 0.779141104294479 0.337078651685393 0
0 0.5 0.5 1 0.26734693877551 0.117647058823529 0.889570552147239 0.876404494382022 1
0.2 0.5 0 1 0.606122448979592 0.135549872122762 0.852760736196319 0.629213483146067 0
0 0 1 1 0.218367346938776 0.0383631713554987 0.865030674846626 0.662921348314607 0
0 0.5 0.5 1 0 0 0 0.775280898876405 1
0 0 0 1 0.475510204081633 0.128132992327366 0 0.657303370786517 0
0 0.5 0.5 0 0.202040816326531 0.0767263427109974 0.828220858895706 0.865168539325843 1
0 0 0.5 1 0.251020408163265 0.0485933503836317 0.871165644171779 0.657303370786517 0
0.6 0 0.5 1 0.6 0.181585677749361 0.785276073619632 0.561797752808989 0
0.6 1 1 1 0 0.0869565217391304 0 0.606741573033708 0
0 0.5 0.5 1 0.208163265306122 0.122762148337596 0.852760736196319 0.842696629213483 1
0 0 0.5 1 0 0 0 0 0
0 0.5 0.5 1 0.244897959183673 0.0741687979539642 0.840490797546012 0.97752808988764 1
0.6 1 1 1 0 0.130434782608696 0 0.679775280898876 0
0 0 1 1 0 0.0716112531969309 0 0.696629213483146 0
0 0.5 0.5 1 0.281632653061224 0.0383631713554987 0.828220858895706 0 1
0.8 1 0.5 1 0.212244897959184 0.040920716112532 0 0 0
0 0.5 0.5 1 0.214285714285714 0.125319693094629 0.920245398773006 0.882022471910112 1
0 0 0 1 0.446938775510204 0.0920716112531969 0.852760736196319 0.702247191011236 0
0.6 0 0.5 1 0.202040816326531 0.0639386189258312 0 0.640449438202247 0
0 0.5 0.5 1 0.222448979591837 0.0997442455242967 0.883435582822086 0.780898876404494 1
0 0 0.5 1 0.285714285714286 0.0690537084398977 0 0 0
0 0 0 1 0.244897959183673 0.10230179028133 0.858895705521472 0.898876404494382 1
0.2 0 0.5 1 0.659183673469388 0.10230179028133 0.840490797546012 0.707865168539326 0
0.6 0 0 1 0.255102040816327 0.0537084398976982 0.840490797546012 0.842696629213483 0
0 0 0 1 0 0.560102301790281 0.797546012269939 0.337078651685393 0
0 0.5 0.5 1 0.26530612244898 0.0767263427109974 0.877300613496933 0.893258426966292 1
0.4 0 1 0.5 0 0.0767263427109974 0 0.786516853932584 0
0 0.5 0.5 1 0.242857142857143 0.0383631713554987 0.920245398773006 0 1
0 0 0.5 1 0.183673469387755 0.250639386189258 0 0.51123595505618 0
0 0 0 1 0.628571428571429 0.0920716112531969 0.803680981595092 0 0
0 0.5 0.5 1 0.204081632653061 0.127877237851662 0.858895705521472 0.786516853932584 1
0 0 0.5 1 0.293877551020408 0.319693094629156 0.834355828220859 0.674157303370787 0
0 0.5 0.5 1 0.222448979591837 0.0639386189258312 0.865030674846626 0.887640449438202 1
0.8 0.5 0.5 1 0.240816326530612 0.319693094629156 0.834355828220859 0.640449438202247 0
0.8 0.5 1 1 0.457142857142857 0.424552429667519 0.815950920245399 0.455056179775281 0
0 0.5 0.5 1 0.244897959183673 0.0792838874680307 0.920245398773006 0.752808988764045 1
0.2 0 0.5 1 0.322448979591837 0.125319693094629 0.828220858895706 0.623595505617978 0
0 0.5 0.5 0 0.26734693877551 0.0741687979539642 0.889570552147239 0 1
0.4 0.5 1 0.5 0.261224489795918 0.531969309462916 0.822085889570552 0.460674157303371 0
0 0 0.5 1 0 0.0639386189258312 0 0.662921348314607 0
0 0.5 0 1 0.446938775510204 0.450127877237852 0.834355828220859 0.48314606741573 0
0 0.5 0.5 1 0.163265306122449 0.0639386189258312 0.895705521472393 0.792134831460674 1
0.8 0.5 0.5 1 0.240816326530612 0.319693094629156 0.834355828220859 0.674157303370787 0
0 0.5 0.5 1 0.23265306122449 0.0818414322250639 0.828220858895706 0 1
0 0.5 0 1 0.248979591836735 0 0.846625766871166 0.606741573033708 0
0 0 0.5 1 0.436734693877551 0.061381074168798 0.858895705521472 0.741573033707865 0
0 0.5 0.5 1 0.26530612244898 0.0997442455242967 0.901840490797546 0.758426966292135 1
0 0 0.5 1 0.43469387755102 0.173913043478261 0.895705521472393 0.52247191011236 0
0 0.5 0.5 1 0 0.0843989769820972 0.920245398773006 0.859550561797753 1
0.4 0.5 1 1 0.546938775510204 0.219948849104859 0.822085889570552 0.561797752808989 0
0.2 0 0 1 0.193877551020408 0.130434782608696 0.871165644171779 0 0
0 0.5 0.5 1 0.202040816326531 0.117647058823529 0.871165644171779 0.99438202247191 1
0.4 0 1 0.5 0 0.173913043478261 0.809815950920245 0.623595505617978 0
0 0.5 0.5 1 0.255102040816327 0 0.834355828220859 0.865168539325843 1
0 0 0.5 1 0.522448979591837 0.10230179028133 0.871165644171779 0 0
0.2 0.5 0.5 1 0 0.271099744245524 0.840490797546012 0.342696629213483 0
0 0 0 1 0.171428571428571 0.370843989769821 0.828220858895706 0 0
0 0.5 0.5 1 0.273469387755102 0.115089514066496 0.852760736196319 0.797752808988764 1
0.2 1 0.5 1 0.428571428571429 0.421994884910486 0.828220858895706 0 0
0 0.5 0.5 1 0.242857142857143 0.0690537084398977 0 0.853932584269663 1
0.4 1 0.5 1 0.214285714285714 0.135549872122762 0.834355828220859 0.623595505617978 0
1 1 1 0.5 0 0.823529411764706 0.773006134969325 0.449438202247191 0
0 0.5 0.5 1 0.187755102040816 0.10230179028133 0.865030674846626 0.786516853932584 1
0.2 1 0.5 1 0.43469387755102 0.0588235294117647 0.852760736196319 0 0
0 0.5 0.5 1 0.269387755102041 0.0869565217391304 0.901840490797546 1 1
0.6 0.5 1 1 0.587755102040816 0.0920716112531969 0.797546012269939 0.443820224719101 0
0 0 0 1 0.348979591836735 0.0664961636828645 0 0 0
0 0.5 0.5 1 0.179591836734694 0.107416879795396 0.834355828220859 0.747191011235955 1
0.2 1 1 1 0.283673469387755 0.0741687979539642 0 0.589887640449438 0
0 0.5 0.5 1 0.204081632653061 0.0741687979539642 0.871165644171779 0.803370786516854 1
0.6 0.5 0.5 1 0.159183673469388 0.0690537084398977 0 0.691011235955056 0
0 0 0 1 0.351020408163265 0.117647058823529 0.865030674846626 0.539325842696629 0
0 0 0.5 1 0.246938775510204 0.051150895140665 0.815950920245399 0.612359550561798 0
0 0.5 0.5 1 0.26530612244898 0.0946291560102302 0.920245398773006 0.752808988764045 1
0.4 1 1 1 0.557142857142857 0.601023017902813 0.809815950920245 0.466292134831461 0
0 0.5 0.5 1 0.193877551020408 0.117647058823529 0.846625766871166 0.842696629213483 1
0.8 1 1 1 0.493877551020408 0.337595907928389 0.858895705521472 0.471910112359551 0
0.6 1 0.5 0.5 0.251020408163265 0.10230179028133 0 0.623595505617978 0
0 0.5 0.5 1 0.226530612244898 0.0895140664961637 0.828220858895706 0.910112359550562 1
0.4 0 0.5 0.5 0.312244897959184 0.194373401534527 0 0 0
0 0.5 0.5 1 0.216326530612245 0.0690537084398977 0.920245398773006 0.808988764044944 1
0.6 0.5 1 1 0.248979591836735 0.107416879795396 0.834355828220859 0.707865168539326 0
0.6 0.5 0.5 1 0.86530612244898 0.122762148337596 0.809815950920245 0.612359550561798 0
0 0.5 0.5 1 0.197959183673469 0.0460358056265985 0.846625766871166 0.758426966292135 1
0.2 1 0.5 1 0.618367346938775 0.0895140664961637 0.748466257668712 0.584269662921348 0
0 0.5 0.5 1 0.26530612244898 0.104859335038363 0.865030674846626 0.870786516853933 1
0 0 0 1 0.302040816326531 0.0997442455242967 0.901840490797546 0.612359550561798 0
0.6 1 0 1 0 0 0 0.803370786516854 0
0 0 0 1 0.416326530612245 0.0869565217391304 0.760736196319018 0.550561797752809 0
0 0.5 0.5 1 0.220408163265306 0.0639386189258312 0.883435582822086 1 1
0 0 0.5 1 0.326530612244898 0.10230179028133 0.858895705521472 0.50561797752809 0
0 0.5 0.5 1 0.202040816326531 0.0485933503836317 0.901840490797546 0.764044943820225 1
0 0 0 1 0.391836734693878 0.0383631713554987 0.840490797546012 0.803370786516854 0
0 0 0 1 0 0 0 0 0
0 0 0 1 0.16734693877551 0.0920716112531969 0.920245398773006 0.814606741573034 1
0 0 0 1 0.155102040816327 0.112531969309463 0.779141104294479 0 0
0 0 0 1 0.173469387755102 0.051150895140665 0.871165644171779 0.904494382022472 1
0 1 0.5 1 0.283673469387755 0.0485933503836317 0 0.713483146067416 0
0.8 0 0.5 1 0.626530612244898 0.0716112531969309 0 0.617977528089888 0
0 0.5 0.5 1 0.169387755102041 0.125319693094629 0.852760736196319 0.98314606741573 1
0 0 0.5 1 0.448979591836735 0.173913043478261 0 0.48876404494382 0
0 0.5 0.5 1 0.222448979591837 0.120204603580563 0.865030674846626 0.842696629213483 1
0.4 0 0.5 1 0.912244897959184 0.104859335038363 0.803680981595092 0.702247191011236 0
0.6 0.5 0.5 1 0.208163265306122 0.153452685421995 0.705521472392638 0.48876404494382 0
0.2 0 0 1 0.630612244897959 0.289002557544757 0.797546012269939 0.595505617977528 0
0 0.5 0.5 1 0.175510204081633 0.0946291560102302 0.920245398773006 0.764044943820225 1
0.2 1 0.5 1 0.0448979591836735 0.00383631713554987 0.889570552147239 0.735955056179775 0
0 0.5 0.5 1 0.208163265306122 0.0434782608695652 0.901840490797546 0.820224719101123 1
0 0 0 1 0.226530612244898 0.373401534526854 0.865030674846626 0.617977528089888 0
0 0 0.5 1 0.53265306122449 0.148337595907928 0.693251533742331 0 0
0 0.5 0.5 1 0.193877551020408 0.061381074168798 0.889570552147239 0.842696629213483 1
0.8 0.5 1 0.5 0.218367346938776 0.10230179028133 0.766871165644172 0.466292134831461 0
0 0.5 0.5 1 0.177551020408163 0.0971867007672634 0.883435582822086 0.960674157303371 1
0.4 0.5 0.5 1 0.438775510204082 0.340153452685422 0 0.741573033707865 0
0.4 1 1 1 0.189795918367347 0.391304347826087 0.852760736196319 0.550561797752809 0
0 0.5 0.5 1 0.218367346938776 0.040920716112532 0.858895705521472 0.764044943820225 1
0.4 0 1 1 0.253061224489796 0.135549872122762 0 0.668539325842697 0
0 0.5 0.5 1 0.238775510204082 0.0562659846547315 0.846625766871166 0.730337078651685 1
0.2 1 1 1 0.477551020408163 0.143222506393862 0 0.578651685393258 0
0.4 0.5 1 1 0.238775510204082 0.132992327365729 0.834355828220859 0.561797752808989 0
0 0 0.5 1 0.26734693877551 0.0588235294117647 0.858895705521472 0.634831460674157 0
0 0.5 0.5 1 0.179591836734694 0.127877237851662 0.901840490797546 0.966292134831461 1
0 0 0.5 1 0.206122448979592 0.271099744245524 0.828220858895706 0 0
0 0.5 0.5 1 0.214285714285714 0.0997442455242967 0.828220858895706 0.825842696629213 1
0.6 0 1 1 0.718367346938775 0.350383631713555 0.815950920245399 0.634831460674157 0
0.2 0 0.5 1 0.202040816326531 0.0588235294117647 0.846625766871166 0.674157303370787 0
0 0.5 0.5 1 0.142857142857143 0.040920716112532 0.846625766871166 0.769662921348314 1
0.8 0.5 0.5 1 0 0.117647058823529 0.828220858895706 0 0
0 0.5 0.5 1 0.181632653061225 0.0485933503836317 0.883435582822086 0.842696629213483 1
0.4 0.5 0.5 1 0 0.0562659846547315 0 0.601123595505618 0
0 0 0 1 0.163265306122449 0.168797953964194 0.871165644171779 0.685393258426966 0
0 0.5 0.5 1 0.202040816326531 0.10230179028133 0 1 1
0.8 1 1 0.5 0.487755102040816 0.148337595907928 0.840490797546012 0.533707865168539 0
0 0.5 0.5 1 0.240816326530612 0.112531969309463 0.840490797546012 0.831460674157303 1
0.8 1 1 0.5 0.191836734693878 0.171355498721228 0.828220858895706 0.556179775280899 0
0.6 0.5 0.5 1 0.224489795918367 0.294117647058824 0.822085889570552 0.51123595505618 0
0 0 0.5 1 0.26530612244898 0.040920716112532 0 0 0
0 0.5 0.5 1 0.189795918367347 0.117647058823529 0.889570552147239 0 1
0.2 1 1 1 0 0.570332480818414 0.693251533742331 0.308988764044944 0
0 0.5 0.5 1 0.16530612244898 0.0383631713554987 0.865030674846626 0.842696629213483 1
0.4 0 1 1 0 0.125319693094629 0 0 0
0.4 1 1 0.5 0.375510204081633 0.252173913043478 0.846625766871166 0.325842696629213 0
0 0.5 0.5 1 0.255102040816327 0.104859335038363 0.852760736196319 0.97752808988764 1
0.6 1 1 1 0.263265306122449 0.404092071611253 0.748466257668712 0.455056179775281 0
0 0.5 0.5 1 0.16734693877551 0.107416879795396 0.895705521472393 0.837078651685393 1
0 0 0 1 0 0.283887468030691 0.760736196319018 0.382022471910112 0
0.8 0.5 0.5 1 0.514285714285714 0.10230179028133 0.840490797546012 0.629213483146067 0
0 0.5 0.5 1 0.218367346938776 0.122762148337596 0.883435582822086 0.764044943820225 1
0 0 0.5 1 0.187755102040816 0.0946291560102302 0.858895705521472 0.49438202247191 0
0 0.5 0.5 1 0.169387755102041 0.107416879795396 0.852760736196319 0.910112359550562 1
0.2 0 0.5 1 0.283673469387755 0.227621483375959 0.858895705521472 0.674157303370787 0
0 0 0 1 0.230612244897959 0.240409207161125 0.840490797546012 0.443820224719101 0
0 0 0 1 0.23265306122449 0.18925831202046 0.828220858895706 0.449438202247191 0
0 0.5 0.5 1 0.161224489795918 0.127877237851662 0.889570552147239 0.98876404494382 1
0 0 0 1 0.422448979591837 0.20460358056266 0.871165644171779 0.47752808988764 0
0 0.5 0.5 1 0.222448979591837 0.0664961636828645 0.920245398773006 0.842696629213483 1
0.8 0.5 0.5 1 0.351020408163265 0.209718670076726 0.889570552147239 0.49438202247191 0
0 0 0 1 0.204081632653061 0.0716112531969309 0 0.707865168539326 0
0 0.5 0.5 1 0.271428571428571 0.0971867007672634 0.871165644171779 0.769662921348314 1
0.2 0 0.5 1 0.222448979591837 0.245524296675192 0.828220858895706 0.775280898876405 0
0 0.5 0.5 1 0.226530612244898 0.112531969309463 0.895705521472393 0.915730337078652 1
0 0 0.5 1 0.469387755102041 0.127877237851662 0 0.674157303370787 0
0 0 0 1 0.695918367346939 0.0946291560102302 0 0.691011235955056 0
0 0.5 0.5 1 0.151020408163265 0.104859335038363 0.877300613496933 0.848314606741573 1
0 0 0.5 1 0 0 0 0.646067415730337 0
0 0.5 0.5 1 0.179591836734694 0.040920716112532 0.901840490797546 0.921348314606741 1
0.8 0.5 0.5 1 0.520408163265306 0.337595907928389 0.828220858895706 0.410112359550562 0
0 0 0.5 1 0.210204081632653 0.0460358056265985 0 0 0
0.6 0.5 0.5 1 0.516326530612245 0.383631713554987 0.809815950920245 0.612359550561798 0
0 0.5 0.5 1 0.197959183673469 0.0690537084398977 0.889570552147239 0.775280898876405 1
0.6 0.5 1 0.5 0.436734693877551 0.186700767263427 0.840490797546012 0.612359550561798 0
0 0.5 0.5 1 0 0 0.858895705521472 0.853932584269663 1
0 0 1 1 0.348979591836735 0.0767263427109974 0 0.769662921348314 0
0.6 0.5 1 1 0 0 0 0 0
0 0.5 0.5 1 0.159183673469388 0.115089514066496 0.846625766871166 0.904494382022472 1
0 0 0.5 1 0.218367346938776 0.0383631713554987 0 0.719101123595506 0
0 0.5 0.5 1 0.230612244897959 0.0588235294117647 0.852760736196319 0.859550561797753 1
0.2 0 0.5 1 0.159183673469388 0.156010230179028 0.865030674846626 0.685393258426966 0
0 0 0.5 1 0.187755102040816 0.0485933503836317 0 0.662921348314607 0
0 0 0 1 0.161224489795918 0.120204603580563 0.871165644171779 0.932584269662921 1
0 0 0.5 1 0.485714285714286 0.145780051150895 0 0.550561797752809 0
0 0.5 0.5 1 0.153061224489796 0.0562659846547315 0.840490797546012 0.943820224719101 1
0 0 0.5 1 0.210204081632653 0 0 0.668539325842697 0
0.2 0.5 0 1 0.506122448979592 0.0767263427109974 0.846625766871166 0 0
0 0 0 1 0.220408163265306 0.173913043478261 0 0 0
0 0.5 0.5 1 0.242857142857143 0.117647058823529 0.865030674846626 0.780898876404494 1
0 0 0.5 1 0.618367346938775 0.0767263427109974 0.834355828220859 0.730337078651685 0
0 0.5 0.5 1 0.269387755102041 0.0460358056265985 0.920245398773006 0.865168539325843 1
0 0 0.5 1 0.238775510204082 0.0716112531969309 0.846625766871166 0 0
0.6 1 0.5 0.5 1 0.242966751918159 0.803680981595092 0.646067415730337 0
0 0.5 0.5 1 0.230612244897959 0.0639386189258312 0.895705521472393 0.926966292134831 1
0.8 1 1 0.5 0.33265306122449 0.138107416879795 0.858895705521472 0.443820224719101 0
0 0.5 0.5 1 0.204081632653061 0.120204603580563 0.871165644171779 0.921348314606741 1
0 0 0.5 1 0.244897959183673 0.122762148337596 0 0.634831460674157 0
0 0 0 1 0.253061224489796 0.132992327365729 0 0 0
0 0.5 0.5 1 0.189795918367347 0.0434782608695652 0.834355828220859 0.938202247191011 1
0.6 0.5 1 1 0.491836734693878 0.48849104859335 0.699386503067485 0.539325842696629 0
0 0.5 0.5 1 0.191836734693878 0.0383631713554987 0.883435582822086 0.870786516853933 1
0.4 0.5 1 1 0.391836734693878 0.0434782608695652 0.797546012269939 0 0
0 0 0 1 0.548979591836735 0.130434782608696 0.846625766871166 0.646067415730337 0
0.2 1 1 1 0 0 0 0 0
0 0.5 0.5 1 0.228571428571429 0.122762148337596 0.858895705521472 0.955056179775281 1
0.4 0.5 0.5 0.5 0.189795918367347 0.051150895140665 0.895705521472393 0 0
0 0.5 0.5 1 0.202040816326531 0.0639386189258312 0.828220858895706 0.842696629213483 1
0 1 0.5 1 0 0.0485933503836317 0 0.842696629213483 0
0.4 0 0.5 1 0.230612244897959 0.237851662404092 0 0.443820224719101 0
0 0.5 0.5 1 0.173469387755102 0.040920716112532 0.871165644171779 0.876404494382022 1
0 0 0 1 0.151020408163265 0.168797953964194 0.834355828220859 0.51123595505618 0
0 0.5 0.5 1 0.271428571428571 0.122762148337596 0.901840490797546 0.831460674157303 1
0.4 0 0.5 1 0.287755102040816 0.135549872122762 0 0.713483146067416 0
0 0 0 1 0.410204081632653 0.616368286445013 0.779141104294479 0.528089887640449 0
0 0.5 0.5 1 0.238775510204082 0.115089514066496 0.865030674846626 0.730337078651685 1
0.4 0.5 0.5 1 0.212244897959184 0.127877237851662 0.840490797546012 0.668539325842697 0
0 0.5 0.5 1 0.279591836734694 0.117647058823529 0.852760736196319 0.792134831460674 1
0.2 0 0.5 1 0.414285714285714 0.117647058823529 0 0.640449438202247 0
0.2 0 1 1 0.336734693877551 0.115089514066496 0.858895705521472 0.584269662921348 0
0.8 0.5 1 0.5 0.436734693877551 0.245524296675192 0.736196319018405 0.528089887640449 0
0 0.5 0.5 1 0.285714285714286 0.125319693094629 0.920245398773006 0.882022471910112 1
0.4 0 0.5 1 0.344897959183674 0.122762148337596 0.846625766871166 0.752808988764045 0
0 0.5 0.5 1 0.153061224489796 0.0792838874680307 0.865030674846626 0.926966292134831 1
0.6 0 1 1 0.944897959183673 0.163682864450128 0.828220858895706 0.685393258426966 0
0 0 0 1 0.210204081632653 0.202046035805627 0.828220858895706 0.353932584269663 0
0 0.5 0.5 1 0.204081632653061 0.0664961636828645 0.840490797546012 0.887640449438202 1
0.6 1 0.5 1 0.216326530612245 0.549872122762148 0.736196319018405 0.48314606741573 0
0 0.5 0.5 1 0.23265306122449 0.127877237851662 0.828220858895706 0.797752808988764 1
0.2 0.5 1 1 0.306122448979592 0.0460358056265985 0.858895705521472 0 0
0.2 1 1 1 0.86530612244898 0.140664961636829 0.846625766871166 0.707865168539326 0
0 0.5 0.5 1 0.26734693877551 0.0460358056265985 0.865030674846626 0.887640449438202 1
0.8 0.5 1 1 0.359183673469388 0.790281329923274 0.760736196319018 0.174157303370787 0